1	2	3
2	4	5
2	1	4
5	4	7
7	4	6
6	8	7
1	3	10
9	1	10
1	9	11
4	1	11
6	4	11
12	6	11
14	12	13
14	8	6
14	6	12
13	21	14
9	10	17
16	9	17
11	9	18
18	9	16
12	18	19
12	11	18
13	19	20
21	13	20
13	12	19
39	21	15
16	17	22
16	22	23
24	16	23
18	16	24
26	24	25
26	19	24
19	18	24
19	26	20
25	23	27
24	23	25
28	29	30
29	31	32
29	28	31
31	33	32
32	33	34
33	35	34
36	37	38
3	2	28
30	37	28
37	3	28
37	36	3
2	5	31
28	2	31
5	7	33
31	5	33
40	8	39
35	7	8
33	7	35
35	8	40
39	41	40
42	36	43
43	36	38
10	3	36
42	10	36
8	14	39
41	15	44
39	14	21
39	15	41
45	43	46
45	42	43
17	10	42
45	17	42
20	47	21
44	15	48
48	15	47
15	21	47
45	46	49
17	45	22
22	45	49
50	49	51
50	22	49
22	50	23
25	52	26
26	52	53
20	26	53
20	53	47
47	53	54
47	54	48
50	51	55
27	23	50
56	27	55
55	27	50
52	56	57
52	25	27
52	27	56
52	57	74
58	29	59
58	30	29
29	32	60
59	29	60
60	32	61
61	32	34
34	35	62
63	34	62
61	34	63
62	64	85
38	37	66
65	38	66
66	30	58
66	37	30
35	40	62
64	41	67
64	40	41
62	40	64
68	38	65
68	43	38
41	44	67
67	44	69
70	43	68
70	46	43
48	71	69
44	48	69
46	70	72
73	49	46
73	46	72
49	73	51
53	74	54
54	74	75
48	54	75
48	75	71
73	72	95
55	51	76
77	55	76
76	51	73
55	77	78
56	55	78
56	78	79
57	56	79
57	79	80
74	57	80
53	52	74
74	80	75
58	59	81
81	59	82
82	59	83
83	59	60
83	61	84
83	60	61
86	63	85
86	84	63
84	61	63
63	62	85
87	65	88
88	65	66
88	58	81
88	66	58
85	89	86
64	67	89
85	64	89
89	67	90
91	65	87
91	68	65
67	69	90
90	69	92
70	68	91
93	70	91
71	94	92
69	71	92
72	70	93
96	95	72
96	72	93
95	96	97
71	98	94
71	75	98
73	95	76
76	95	97
99	77	97
77	76	97
77	99	100
78	77	100
78	100	101
79	78	101
79	101	102
80	79	102
80	102	98
75	80	98
81	82	103
82	83	104
105	103	82
105	82	104
104	84	106
107	104	106
104	83	84
84	86	106
87	88	108
108	81	103
108	88	81
109	103	110
109	108	103
103	105	110
106	111	107
86	89	112
113	86	112
106	86	113
111	106	113
89	90	112
115	87	108
115	114	87
114	91	87
108	109	115
112	116	113
92	117	90
112	117	116
90	117	112
93	91	114
119	118	114
118	93	114
118	119	120
92	121	117
92	94	121
93	118	96
96	118	122
123	118	120
97	96	122
122	118	123
122	123	124
125	126	127
98	125	94
94	125	127
94	127	121
97	122	99
99	122	124
128	99	124
100	99	128
101	128	129
101	100	128
125	129	126
125	102	129
102	101	129
102	125	98
105	104	107
105	107	130
134	110	131
131	110	130
132	131	130
130	110	105
132	130	111
133	132	111
130	107	111
111	113	133
119	115	134
134	115	109
135	134	131
110	134	109
135	131	136
136	131	132
136	132	137
137	132	133
113	116	133
133	116	138
133	138	137
116	117	121
114	115	119
139	120	135
120	119	134
120	134	135
139	135	136
140	139	136
136	137	140
140	137	141
137	138	142
141	137	142
121	142	138
116	121	138
120	139	123
123	139	143
143	139	140
124	123	143
140	141	144
143	140	144
142	126	141
141	126	144
127	126	142
127	142	121
124	143	128
128	143	144
129	128	144
129	144	126
