-3.14829753588106	-3.10855728059058	-8.96880735118680
-2.98419229432231	-5.92238303369324	-7.48562000131766
-5.59126353786066	-4.26011315198465	-7.11358879644254
-0.303258042300150	-4.66556845954381	-8.84056588684805
-0.364661028751465	-7.12980065267583	-7.00351201848139
2.47973198799388	-3.47774205105240	-9.04267133786344
2.46558780670551	-6.16136474821008	-7.48152538506941
5.13598810412737	-4.78904211612603	-7.12045347797535
-3.05151089016878	0.157774381349812	-9.52244523633591
-5.55694420534527	-1.28654140200185	-8.21460067365335
-0.461631765402715	-1.74146834195272	-9.83709835702237
2.24649266592925	-0.462191235328665	-9.73419730828880
4.66930580289071	0.865207166158459	-8.80149912749161
5.05444079379326	-2.04852624893434	-8.38281135027958
8.80047502117743	0.169917501553135	-4.74729430136018
-2.65159792951897	3.40801344211712	-9.02046201795530
-5.31275204050081	2.03937986470901	-8.22374164493884
-0.217917076804977	1.52595675308400	-9.88120847095565
2.61752329215248	2.88925106040831	-9.20955207128400
5.57262261039131	3.42908787054516	-7.56321869657666
7.00183487352177	0.360802143329648	-7.13164036776282
-4.81466552371599	5.00450497019926	-7.19635410985288
-2.02114760093521	6.29046827971661	-7.50729481822451
0.227797916190471	4.60496272367870	-8.87457586130265
0.829156050652188	7.10034218019313	-6.99380711512570
3.22980866808858	5.57132936500097	-7.65135129761111
-0.588171337962776	8.61515077484006	-5.04428956449052
-4.62397488060028	-7.06813775217916	-5.35479129296957
-3.61177461293821	-9.01508737092464	-2.38627574733719
-6.06583477109627	-7.39841702506791	-2.91297066666157
-1.99250936700967	-8.44735378917995	-4.96837767199872
0.0180234428289091	-9.55218900342584	-2.96117634983296
1.59505845148923	-8.39935035083362	-5.18859804099999
3.30274079884937	-9.07700209409309	-2.59106970745296
4.47286811783817	-7.29994577132079	-5.16899577487058
-7.79953353596841	-2.19551377511805	-5.86182243643667
-7.20115838222351	-5.11545712874683	-4.68946350379376
-8.99773734910714	-2.89526838883615	-3.26678246103717
7.37391257230875	-2.58401937428265	-6.24197804625611
6.99674661480398	-5.43746170474733	-4.63613007195130
8.81911935497489	-2.98783499590662	-3.64846120566100
-7.47010231900137	0.527034000395681	-6.62843289122101
-9.10845551355668	0.614167237773078	-4.08280627541835
9.75859455992384	-0.387675809534821	-2.15310004145394
-7.39932748283555	3.26215567980269	-5.88404457360281
-8.71642971889983	3.70818405879621	-3.20712310176104
7.79309843551760	2.97422192625831	-5.51677090702842
9.35417859589994	2.66332571893777	-2.32744768465396
-6.42632808048996	5.91168538168720	-4.87532132438728
-3.46830852597551	7.66807433715959	-5.40219705626466
-4.97722559711853	8.07520994098336	-3.16766870611485
3.05324200486121	8.00605461713451	-5.15666874769421
5.61143328996517	5.91755452181823	-5.78859927892231
7.83407559387737	4.98578605846734	-3.71286084776322
-2.29348670211558	9.44250511812226	-2.36424271044835
1.00082191862249	9.55919816977901	-2.76275280147266
3.79576921791040	8.94369182310530	-2.37034586182438
-6.12229752292754	-7.90688013142920	-0.110577435873706
-3.62299423233640	-9.25765078532233	1.08784016076866
-1.36784653211011	-9.88962556375859	-0.583595748492208
1.78181943687790	-9.84058965638562	-0.0502083639639493
6.00819410176002	-7.62132220928382	-2.41481620743230
4.67944724092231	-8.82606095998758	0.465385221549075
8.23301965488605	-5.41983460678165	-1.69044722889036
-9.43254430035016	-3.32118198661992	0.108418295092483
-8.15745026354722	-5.55057523349596	-1.63147370651072
9.55969475347727	-2.89651901310549	-0.487276469772285
-9.84930393418277	-0.822196374963307	-1.52696967124116
9.97689096938750	0.492993852922137	0.481534771085822
-9.77953870053034	1.92941910505478	-0.807075923597548
9.33444821104243	3.49942544425019	0.796792528055928
-8.94107138508690	4.47927129049345	0.0938149101283045
-7.44588103810271	6.33380734719578	-2.11120089617562
5.99532062372454	7.33828444122082	-3.19693957226064
8.14134995400744	5.72358195310062	-0.986238540626955
-5.19869910894640	8.52816717988142	-0.508893248626034
-2.99243028709140	9.49786281878829	0.921854302196547
-0.00935229609053322	10.0002805618817	0.0840132937345576
2.98414955518630	9.54008468914403	0.308631982397297
5.98617249151347	8.01004291106810	-0.138998169579510
-5.67582361266144	-7.68718077900638	2.95077420824195
-2.70716940545212	-8.73816645526899	4.04098699642293
-0.312117651499532	-9.74548318392503	2.22313709755936
3.02910256528309	-9.06375994576777	2.94698861591818
6.95327449918327	-7.16562994524773	0.566902619538280
5.99062969065214	-7.22249838926571	3.45789530096210
-9.05030162653403	-2.90443578091879	3.10956888219566
-8.00765077641901	-5.80849943421150	1.46718989673924
8.45957679880539	-5.06453309073435	1.67319303166796
9.48465514467008	-2.14044498804508	2.33958767400985
-9.87462918940229	-0.303805250117320	1.55375198978635
9.36454479322613	1.10688455410508	3.33083135938909
-9.27506866337544	2.66139078655057	2.62725948421356
8.41606385104197	3.85308315784841	3.78637595675213
-7.29168227589763	6.79515411985976	0.821184952701990
-7.86021740343396	5.23834767614889	3.28493558916912
-5.48352817318039	7.91360908200629	2.70559919847976
7.57896231082936	6.22077116002121	1.96856239391664
-3.20765658179947	8.49884266501014	4.18268850893667
-0.789310179199032	9.48048502355904	3.08432228326444
1.90943074305839	9.30245959819494	3.13555832742135
4.88619285099813	8.31110216988062	2.65798644669548
-4.65133555875566	-6.78882658740072	5.68263157613362
0.492417731603332	-8.74460435216954	4.82743118847106
-1.83704017432926	-7.17812977282249	6.71672072530454
3.67553716348003	-7.48501574959430	5.52073326806622
1.15040036067375	-7.02608591642711	7.02337217352398
-7.30056235031866	-5.30996027684478	4.30367833488391
-5.89091869068333	-4.30015538419544	6.84268748095757
-3.34732989507494	-4.76065437140810	8.13301435031897
2.94947232823657	-5.07535708804543	8.09663871919864
7.72399863502441	-4.60350318062670	4.37726870366081
5.52997915858893	-5.27959017446519	6.44647674498431
-8.94683406091130	0.315136476979052	4.45740888203227
-7.78132052139407	-2.40288896096141	5.80452289847924
6.82606568027465	-2.53566434295935	6.85489093047676
8.57556348701987	-1.57054217289609	4.89987432504224
-7.54268706048028	3.23197985300157	5.71593373042886
-7.23106379553629	0.204149134075713	6.90545527267515
-5.51444516182669	1.83689436872221	8.13825622956981
7.82808872008179	1.02421024158289	6.13876064352874
-5.85188406926635	6.20834002067238	5.21781342589694
-4.80526687120302	4.57059108747499	7.48546287614747
-3.05869129781346	6.98992062269313	6.46533747509574
6.11301698088347	6.43316857716447	4.61086035943690
4.39830035012460	5.55658689276551	7.05662262638983
6.88769054895402	3.88451849138175	6.12261407045898
-0.109215207537898	8.10360346773079	5.85928802603842
3.10819429743019	7.79684767663769	5.43707330406866
-0.267438398701878	-4.92673468582819	8.69892210620887
-1.99423208605375	-2.42350807673496	9.49548226371326
1.29843670431665	-2.41110950936469	9.61841439832101
4.23141489398821	-2.62774401345811	8.67200469220646
-5.23339736536630	-1.80755171526524	8.32804597388398
-3.34134813701797	0.186186246944217	9.42426592082033
-0.289169152551284	0.339403017337099	9.99073132949052
2.85694899391475	0.449181858423994	9.57327489857291
5.75070464952186	-0.160602018664512	8.18040700014353
-2.60318991527104	2.99007501564883	9.18139612363327
0.355819613976675	3.18169741259379	9.47436926261763
2.89504301781336	3.55228230323964	8.88908454012894
5.32211705129819	2.48709009990707	8.09354682019235
-1.42631136037962	5.59276941526726	8.16699622079221
1.40552932439385	6.13583292276444	7.77110101893732
