    x1         y1        x2       y2        x3       y3        x4       y4        x5       y5        x6       y6        x7       y7        x8       y8        x9       y9        x10       y10        x11       y11        x12       y12
  -50.0000   -6.0000  -29.8467   -5.1683  -20.2347   -2.7557  -15.6294   -2.7498  -11.0524   -2.7446   -3.9146   -2.7658    8.9746   -2.7263   23.3044   -2.8410   29.1198   -4.1361   33.3405   -3.5751   37.7562   -3.3461   50.0000   -6.0000
  -49.5045   -5.9795  -29.4355   -4.9424  -19.6411   -2.7981  -15.0078   -2.7598  -10.3930   -2.7849   -3.3585   -2.7760    9.5757   -2.7591   23.9608   -2.8873   29.6187   -3.9131   33.6617   -3.1934   38.0752   -3.0230   49.5045   -5.9795
  -49.0124   -5.9182  -28.9946   -4.6649  -19.0428   -2.7971  -14.4391   -2.7759   -9.8076   -2.7736   -2.7645   -2.7522   10.0917   -2.7142   24.6144   -2.9024   30.1514   -3.5785   33.9884   -2.8034   38.4002   -2.5957   49.0124   -5.9182
  -48.5271   -5.8164  -28.5976   -4.3585  -18.4554   -2.7800  -13.8240   -2.7516   -9.2246   -2.7134   -2.0605   -2.7590   10.7401   -2.7443   25.1801   -2.8304   30.5599   -3.2180   34.2018   -2.4561   38.6477   -2.2210   48.5271   -5.8164
  -48.0518   -5.6749  -28.1652   -4.0196  -17.8788   -2.7370  -13.1603   -2.7005   -8.6979   -2.5212   -1.3847   -2.7220   11.3434   -2.7513   25.8114   -2.6561   30.9392   -2.8285   34.3894   -2.0935   38.9118   -1.8137   48.0518   -5.6749
  -47.5898   -5.4946  -27.7896   -3.7061  -17.1899   -2.6088  -12.5402   -2.5788   -8.2436   -2.2448   -0.7291   -2.7052   11.9506   -2.6552   26.3215   -2.4304   31.2979   -2.3396   34.6291   -1.6608   39.1184   -1.4400   47.5898   -5.4946
  -47.1443   -5.2768  -27.4810   -3.3774  -16.7393   -2.4758  -11.9907   -2.4075   -7.7970   -1.8109   -0.1384   -2.5782   12.4197   -2.4505   26.8262   -2.0997   31.6404   -1.8446   34.8426   -1.2285   39.3018   -1.0124   47.1443   -5.2768
  -46.7183   -5.0230  -27.0939   -3.0204  -16.2223   -2.2228  -11.5676   -2.1340   -7.4417   -1.3043    0.4164   -2.3628   12.8944   -2.1430   27.2920   -1.6485   31.9254   -1.3093   34.9955   -0.7715   39.4177   -0.5631   46.7183   -5.0230
  -46.3147   -4.7348  -26.7054   -2.6885  -15.7728   -1.8833  -11.1090   -1.7166   -7.1461   -0.7398    0.9437   -2.0736   13.3665   -1.7643   27.6617   -1.2675   32.0969   -0.7740   35.1104   -0.2853   39.4974   -0.0094   46.3147   -4.7348
  -45.9363   -4.4143  -26.4514   -2.2196  -15.3386   -1.4422  -10.7223   -1.2763   -7.0402   -0.1709    1.3777   -1.6548   13.7662   -1.2622   27.9532   -0.7284   32.2589   -0.1076   35.1500    0.1974   39.5402    0.5034   45.9363   -4.4143
  -45.5857   -4.0637  -26.3024   -1.7919  -14.9981   -0.8988  -10.4774   -0.7845   -7.0799    0.3563    1.6993   -1.2248   14.0247   -0.7240   28.0862   -0.1426   32.2909    0.4657   35.1509    0.7895   39.5205    0.9132   45.5857   -4.0637
  -45.2652   -3.6853  -26.1679   -1.3424  -14.8225   -0.4045  -10.3423   -0.1071   -7.2636    0.8572    1.8947   -0.7047   14.0575   -0.0601   28.0318    0.5190   32.2450    0.9708   35.1351    1.3227   39.4789    1.4368   45.2652   -3.6853
  -44.9770   -3.2817  -26.0511   -0.7702  -14.7671    0.1645  -10.3506    0.3790   -7.5488    1.3759    1.9724   -0.1190   13.9843    0.5227   27.8894    1.0187   32.1149    1.4792   35.0697    1.7168   39.3951    1.9878   44.9770   -3.2817
  -44.7232   -2.8557  -26.0603   -0.1929  -14.8494    0.7596  -10.4788    0.9417   -7.9557    1.8053    1.9148    0.3756   13.7741    1.0672   27.6303    1.6096   31.9129    2.0119   34.9435    2.1203   39.2844    2.3393   44.7232   -2.8557
  -44.5054   -2.4102  -26.1157    0.2916  -15.0545    1.2601  -10.7524    1.4199   -8.4202    2.1467    1.7029    0.9064   13.4297    1.5506   27.3092    2.0825   31.6539    2.5448   34.7647    2.6617   39.1078    2.7292   44.5054   -2.4102
  -44.3251   -1.9482  -26.2195    0.7514  -15.3452    1.7409  -11.1481    1.8230   -8.9693    2.4049    1.4084    1.3664   12.9938    1.9264   26.8845    2.4583   31.3128    3.0857   34.5405    3.0170   38.9675    3.1123   44.3251   -1.9482
  -44.1836   -1.4729  -26.3785    1.1651  -15.7411    2.1218  -11.6842    2.2313   -9.6115    2.6062    1.0471    1.7673   12.4976    2.2756   26.4149    2.8122   30.9761    3.4887   34.3550    3.3952   38.7572    3.5707   44.1836   -1.4729
  -44.0818   -0.9876  -26.5500    1.6333  -16.2251    2.4350  -12.1980    2.4775  -10.2248    2.7117    0.5481    2.2350   11.9586    2.5638   25.7872    3.0495   30.5373    3.8890   34.1302    3.6941   38.5055    4.0336   44.0818   -0.9876
  -44.0205   -0.4955  -26.8323    2.0587  -16.7490    2.6336  -12.7966    2.6653  -10.8670    2.8017    0.0282    2.5451   11.4163    2.6896   25.2512    3.1283   30.0012    4.1940   33.7880    4.0751   38.2293    4.4076   44.0205   -0.4955
  -44.0000         0  -27.1055    2.3937  -17.3466    2.7547  -13.4502    2.7591  -11.4224    2.7797   -0.5162    2.7265   10.8000    2.7356   24.6360    3.1194   29.5053    4.4184   33.4136    4.3620   37.9316    4.7774   44.0000         0
  -44.0205    0.4955  -27.4441    2.7784  -17.9383    2.7658  -14.0653    2.7685  -12.1135    2.7653   -1.1216    2.7515   10.1188    2.7388   24.0841    3.0297   28.9237    4.6130   33.0030    4.6277   37.6006    5.1240   44.0205    0.4955
  -44.0818    0.9876  -27.8168    3.0850  -18.4889    2.7755  -14.7542    2.7578  -12.6796    2.7404   -1.7355    2.7527    9.5458    2.7505   23.4544    2.8699   28.3874    4.7348   32.6824    4.7986   37.2182    5.3918   44.0818    0.9876
  -44.1836    1.4729  -28.2254    3.4711  -19.0844    2.7703  -15.3502    2.7383  -13.3609    2.7378   -2.3539    2.7284    8.9635    2.7785   22.8926    2.7491   27.8289    4.7966   32.2489    5.0104   36.8681    5.6453   44.1836    1.4729
  -44.3251    1.9482  -28.6253    3.8152  -19.5929    2.7593  -15.9515    2.7576  -13.9944    2.7551   -2.9597    2.7324    8.4167    2.7943   22.3309    2.7413   27.2630    4.7709   31.8396    5.1794   36.4681    5.8351   44.3251    1.9482
  -44.5054    2.4102  -29.0124    4.0554  -20.1679    2.7863  -16.5782    2.7758  -14.5709    2.7387   -3.6712    2.7421    7.7886    2.7457   21.8019    2.7550   26.7293    4.6805   31.3662    5.3703   36.0028    6.0037   44.5054    2.4102
  -44.7232    2.8557  -29.4213    4.3026  -20.9485    2.7504  -17.1762    2.7467  -15.2860    2.7482   -4.2460    2.7485    7.1017    2.7080   21.1694    2.7754   26.2379    4.5571   30.9171    5.5166   35.6507    6.1184   44.7232    2.8557
  -44.9770    3.2817  -29.8860    4.5740  -21.5080    2.7368  -17.8117    2.7030  -15.9333    2.7523   -4.8276    2.7923    6.4740    2.7661   20.5538    2.7782   25.6995    4.3571   30.5171    5.5782   35.1173    6.2310   44.9770    3.2817
  -45.2652    3.6853  -30.2783    4.7441  -22.0914    2.7584  -18.4286    2.6737  -16.5851    2.7593   -5.3720    2.7725    5.8348    2.7795   20.0326    2.7562   25.2063    4.0563   29.9076    5.6625   34.7026    6.2404   45.2652    3.6853
  -45.5857    4.0637  -30.8228    4.9597  -22.6791    2.7901  -19.0122    2.6777  -17.3132    2.7576   -5.9028    2.7309    5.2862    2.7442   19.4376    2.7307   24.6685    3.7474   29.4150    5.6971   34.1896    6.2726   45.5857    4.0637
  -45.9363    4.4143  -31.2684    5.0754  -23.3337    2.9483  -19.5200    2.7120  -17.8722    2.7571   -6.5367    2.7143    4.7391    2.7223   18.8835    2.7093   24.2539    3.4567   28.8718    5.7067   33.7455    6.2800   45.9363    4.4143
  -46.3147    4.7348  -31.7199    5.1738  -23.8717    3.1591  -20.2131    2.7387  -18.4991    2.7678   -7.3000    2.7819    4.1251    2.7312   18.2954    2.7412   23.7706    3.1785   28.3553    5.6513   33.1119    6.2486   46.3147    4.7348
  -46.7183    5.0230  -32.1667    5.2334  -24.3384    3.3761  -20.8369    2.7428  -19.0401    2.7209   -7.8707    2.7620    3.5049    2.7274   17.6288    2.7414   23.3375    2.9267   27.9152    5.5478   32.6191    6.1878   46.7183    5.0230
  -47.1443    5.2768  -32.5811    5.2640  -24.8872    3.6437  -21.3997    2.7317  -19.6411    2.7485   -8.5400    2.7605    2.9455    2.7210   17.0896    2.7369   22.7961    2.7549   27.5174    5.4338   32.2151    6.1133   47.1443    5.2768
  -47.5898    5.4946  -33.0304    5.2954  -25.3536    3.8746  -22.0379    2.7294  -20.1923    2.7561   -9.2864    2.7554    2.3358    2.7747   16.5001    2.7347   22.2273    2.7458   27.1488    5.3303   31.6779    5.9235   47.5898    5.4946
  -48.0518    5.6749  -33.4509    5.2664  -25.8514    4.1241  -22.6817    2.7880  -20.7548    2.7085   -9.8472    2.7620    1.7747    2.7652   15.9309    2.7307   21.7570    2.7442   26.7261    5.1737   31.2504    5.6999   48.0518    5.6749
  -48.5271    5.8164  -33.7904    5.2092  -26.3388    4.2809  -23.3789    2.9484  -21.2847    2.7478  -10.4703    2.7804    1.2503    2.7703   15.3767    2.7545   21.1993    2.7441   26.2866    4.9790   30.7767    5.4489   48.5271    5.8164
  -49.0124    5.9182  -34.3261    5.0895  -26.8385    4.3611  -23.9141    3.1104  -21.8997    2.7516  -11.1483    2.7480    0.7341    2.7734   14.7476    2.7564   20.7205    2.7262   25.8985    4.7798   30.3572    5.1864   49.0124    5.9182
  -49.5045    5.9795  -34.7445    4.9893  -27.4302    4.4028  -24.4069    3.3110  -22.5668    2.7801  -11.7259    2.7414    0.2223    2.7987   14.2290    2.7323   20.1868    2.7283   25.4935    4.5477   29.9725    4.9346   49.5045    5.9795
  -50.0000    6.0000  -35.2082    4.8329  -28.0089    4.3799  -24.8704    3.4466  -23.1309    2.8154  -12.3041    2.7223   -0.4142    2.7626   13.6655    2.7088   19.6724    2.7304   25.0481    4.3538   29.5822    4.6245   50.0000    6.0000
  -50.4955    5.9795  -35.5979    4.6223  -28.6229    4.2649  -25.4091    3.5617  -23.7158    2.8137  -12.9142    2.7828   -1.0129    2.7429   13.1457    2.7003   19.1585    2.7678   24.6106    4.1008   29.1858    4.2505   50.4955    5.9795
  -50.9876    5.9182  -36.0510    4.3004  -29.1679    4.0206  -25.9133    3.5939  -24.2277    2.7209  -13.4460    2.7937   -1.6845    2.7717   12.6143    2.7187   18.7531    2.7557   24.2316    3.8004   28.8886    3.9586   50.9876    5.9182
  -51.4729    5.8164  -36.3989    4.0349  -29.5603    3.8279  -26.3624    3.5333  -24.7397    2.5410  -13.9900    2.7968   -2.2751    2.7616   12.0218    2.7656   18.3476    2.7016   23.8777    3.4219   28.5906    3.5408   51.4729    5.8164
  -51.9482    5.6749  -36.8076    3.6808  -29.9262    3.5973  -26.8482    3.3675  -25.2110    2.3264  -14.5126    2.8054   -2.8744    2.6948   11.4743    2.7273   17.9445    2.5406   23.5897    2.9834   28.3757    3.2235   51.9482    5.6749
  -52.4102    5.4946  -37.1621    3.2633  -30.3756    3.2687  -27.2773    3.1808  -25.6482    2.0356  -15.0178    2.7550   -3.4040    2.5450   10.9680    2.5586   17.4995    2.1965   23.3585    2.5737   28.1342    2.7823   52.4102    5.4946
  -52.8557    5.2768  -37.4638    2.8636  -30.7496    2.8806  -27.6697    2.9202  -26.0055    1.6221  -15.5733    2.6179   -3.8542    2.2792   10.5691    2.3139   17.1791    1.7973   23.1806    2.1570   27.9973    2.3620   52.8557    5.2768
  -53.2817    5.0230  -37.6616    2.4872  -31.1384    2.5206  -28.1123    2.5211  -26.2870    1.1229  -16.0756    2.3434   -4.2444    1.8706   10.1472    1.9847   16.9235    1.4232   23.0374    1.6413   27.8482    1.8662   53.2817    5.0230
  -53.6853    4.7348  -37.8504    2.0225  -31.4782    2.0310  -28.4653    2.0270  -26.5231    0.6223  -16.4777    2.0643   -4.5160    1.3840    9.8665    1.6057   16.7321    0.9621   22.9616    1.1618   27.7777    1.4619   53.6853    4.7348
  -54.0637    4.4143  -38.0557    1.5137  -31.6764    1.6268  -28.7364    1.5362  -26.5963    0.0306  -16.7738    1.6642   -4.6765    0.9023    9.5865    1.0745   16.5903    0.4808   22.9179    0.7085   27.7593    1.1129   54.0637    4.4143
  -54.4143    4.0637  -38.2109    1.0912  -31.8495    1.1926  -28.9524    1.0552  -26.5028   -0.6308  -16.9958    1.2377   -4.7851    0.4043    9.4220    0.6064   16.5148   -0.0377   22.8939    0.1448   27.8057    0.6716   54.4143    4.0637
  -54.7348    3.6853  -38.2945    0.6879  -31.9552    0.7144  -29.1092    0.4750  -26.3030   -1.2124  -17.1778    0.7782   -4.8175   -0.0462    9.3320    0.1312   16.5763   -0.4838   22.9281   -0.4382   27.8670    0.1211   54.7348    3.6853
  -55.0230    3.2817  -38.2997    0.2270  -32.0130    0.2505  -29.1518   -0.1197  -25.9950   -1.6007  -17.2532    0.1824   -4.6978   -0.5929    9.2990   -0.4073   16.6754   -0.8882   22.9726   -0.9894   27.9468   -0.2334   55.0230    3.2817
  -55.2768    2.8557  -38.2725   -0.1965  -31.9672   -0.3240  -29.0150   -0.7513  -25.5072   -1.9921  -17.2139   -0.3834   -4.5472   -1.1429    9.5010   -0.9384   16.9405   -1.3056   23.0624   -1.4588   28.0358   -0.7260   55.2768    2.8557
  -55.4946    2.4102  -38.2208   -0.5581  -31.8851   -0.8415  -28.8606   -1.2698  -24.9460   -2.2979  -17.0075   -0.9245   -4.3206   -1.5769    9.7569   -1.3933   17.2308   -1.6496   23.2009   -1.9270   28.1577   -1.1832   55.4946    2.4102
  -55.6749    1.9482  -38.1521   -1.1112  -31.7323   -1.3339  -28.5976   -1.7871  -24.3742   -2.5252  -16.6662   -1.4434   -4.0195   -2.0121   10.1419   -1.8168   17.5705   -1.9545   23.3651   -2.3593   28.3187   -1.6732   55.6749    1.9482
  -55.8164    1.4729  -38.1003   -1.5753  -31.4952   -1.8441  -28.2061   -2.2069  -23.8032   -2.6439  -16.3240   -1.8134   -3.6254   -2.3178   10.5557   -2.1394   17.9945   -2.2102   23.5707   -2.7781   28.5108   -2.1056   55.8164    1.4729
  -55.9182    0.9876  -37.9893   -2.0087  -31.2464   -2.2978  -27.7211   -2.5517  -23.2600   -2.7098  -15.8898   -2.2156   -3.2157   -2.5318   10.9902   -2.3993   18.4306   -2.4375   23.8034   -3.1499   28.7841   -2.5897   55.9182    0.9876
  -55.9795    0.4955  -37.8329   -2.4989  -30.9532   -2.7111  -27.1931   -2.8408  -22.6283   -2.7599  -15.4538   -2.5124   -2.8151   -2.6923   11.5109   -2.5540   18.8237   -2.5578   24.1115   -3.4513   29.0881   -2.9628   55.9795    0.4955
  -56.0000         0  -37.6645   -2.9720  -30.5185   -3.1248  -26.7234   -3.0103  -22.0790   -2.7583  -14.9743   -2.6903   -2.3316   -2.7634   12.0057   -2.6827   19.1255   -2.6389   24.5723   -3.7581   29.4841   -3.3524   56.0000         0
  -55.9795   -0.4955  -37.4939   -3.4633  -30.0820   -3.4979  -26.1761   -3.1377  -21.4182   -2.7118  -14.4563   -2.7876   -1.7594   -2.7854   12.5380   -2.7310   19.6556   -2.7452   25.0095   -4.0640   29.8736   -3.7398   55.9795   -0.4955
  -55.9182   -0.9876  -37.2539   -3.8948  -29.6605   -3.7555  -25.6343   -3.1792  -20.7825   -2.7177  -13.9769   -2.7986   -1.2028   -2.7695   13.0793   -2.7504   20.1481   -2.7464   25.3396   -4.2991   30.2014   -4.0119   55.9182   -0.9876
  -55.8164   -1.4729  -36.9994   -4.2392  -29.1228   -3.9400  -24.9852   -3.1962  -20.2454   -2.7371  -13.4227   -2.7729   -0.5750   -2.7384   13.7115   -2.7409   20.6010   -2.7209   25.7567   -4.5337   30.6106   -4.2709   55.8164   -1.4729
  -55.6749   -1.9482  -36.6265   -4.5695  -28.6080   -4.0831  -24.3883   -3.1668  -19.5966   -2.7486  -12.8189   -2.7732    0.0187   -2.7441   14.3695   -2.7513   21.1856   -2.6952   26.1566   -4.7088   31.0025   -4.4817   55.6749   -1.9482
  -55.4946   -2.4102  -36.2419   -4.8802  -28.0101   -4.1577  -23.7886   -3.0336  -19.0908   -2.7525  -12.2183   -2.7254    0.5433   -2.7533   14.9165   -2.7477   21.7314   -2.7200   26.6503   -4.8668   31.3869   -4.6500   55.4946   -2.4102
  -55.2768   -2.8557  -35.8636   -5.1485  -27.4606   -4.1328  -23.2880   -2.9448  -18.5327   -2.7765  -11.6541   -2.7575    1.1600   -2.7369   15.5751   -2.7414   22.2029   -2.7474   27.1865   -4.9677   31.7786   -4.7893   55.2768   -2.8557
  -55.0230   -3.2817  -35.4604   -5.3584  -26.8997   -4.0804  -22.6569   -2.7929  -17.9516   -2.7502  -11.1392   -2.7426    1.7552   -2.7466   16.2337   -2.7267   22.7507   -2.7600   27.7331   -5.0312   32.2912   -4.8894   55.0230   -3.2817
  -54.7348   -3.6853  -34.9904   -5.5370  -26.3115   -3.9537  -22.0468   -2.7592  -17.3911   -2.7431  -10.5278   -2.7550    2.2558   -2.7686   16.8128   -2.7300   23.3260   -2.9476   28.2918   -5.0784   32.8100   -4.9232   54.7348   -3.6853
  -54.4143   -4.0637  -34.5595   -5.6897  -25.7680   -3.8071  -21.4635   -2.7138  -16.7545   -2.7331   -9.9730   -2.7136    2.8766   -2.7723   17.3985   -2.7156   23.8323   -3.1468   28.7871   -5.0650   33.2465   -4.9257   54.4143   -4.0637
  -54.0637   -4.4143  -34.0328   -5.8000  -25.2909   -3.6413  -20.8330   -2.7114  -16.1813   -2.7284   -9.4206   -2.7433    3.4237   -2.7555   18.0191   -2.7386   24.3118   -3.4160   29.2083   -5.0475   33.6738   -4.8625   54.0637   -4.4143
  -53.6853   -4.7348  -33.5832   -5.8551  -24.8470   -3.4612  -20.1856   -2.7786  -15.5659   -2.7332   -8.8804   -2.7598    4.0145   -2.7017   18.6158   -2.7508   24.7550   -3.6738   29.7852   -4.9521   34.2167   -4.7962   53.6853   -4.7348
  -53.2817   -5.0230  -33.0682   -5.8878  -24.3309   -3.2087  -19.5726   -2.7807  -15.0330   -2.7702   -8.2799   -2.7727    4.6164   -2.7226   19.2320   -2.7514   25.1663   -3.9013   30.3370   -4.8806   34.7751   -4.7088   53.2817   -5.0230
  -52.8557   -5.2768  -32.5847   -5.9361  -23.7076   -2.9472  -18.9363   -2.7470  -14.5006   -2.7780   -7.7272   -2.7713    5.1847   -2.7327   19.8899   -2.7364   25.5666   -4.0702   30.9183   -4.7945   35.2525   -4.6400   52.8557   -5.2768
  -52.4102   -5.4946  -32.1679   -5.9424  -23.1136   -2.7597  -18.4369   -2.7482  -13.9367   -2.7581   -7.0690   -2.7689    5.8176   -2.7406   20.3170   -2.7287   26.1100   -4.2251   31.4076   -4.7054   35.7203   -4.5412   52.4102   -5.4946
  -51.9482   -5.6749  -31.7093   -5.8742  -22.5364   -2.7367  -17.7399   -2.7491  -13.3656   -2.7556   -6.4085   -2.7604    6.3787   -2.7610   20.9350   -2.7121   26.6573   -4.3089   31.8759   -4.5358   36.1690   -4.4104   51.9482   -5.6749
  -51.4729   -5.8164  -31.2869   -5.7726  -22.0091   -2.7257  -17.1829   -2.7183  -12.8581   -2.7650   -5.8392   -2.7582    6.9986   -2.7343   21.5358   -2.7606   27.2857   -4.3351   32.2664   -4.3698   36.6579   -4.1964   51.4729   -5.8164
  -50.9876   -5.9182  -30.7630   -5.5756  -21.4318   -2.7203  -16.5604   -2.7572  -12.2837   -2.7489   -5.2510   -2.7520    7.7073   -2.7593   22.0756   -2.7777   27.9387   -4.3194   32.5875   -4.1866   37.0828   -3.9871   50.9876   -5.9182
  -50.4955   -5.9795  -30.3086   -5.3833  -20.8472   -2.7426  -16.1041   -2.7568  -11.7001   -2.7090   -4.5943   -2.7423    8.3873   -2.7608   22.6855   -2.8083   28.5206   -4.2395   32.9885   -3.8857   37.4161   -3.6683   50.4955   -5.9795
  -50.0000   -6.0000  -29.8467   -5.1683  -20.2347   -2.7557  -15.6294   -2.7498  -11.0524   -2.7446   -3.9146   -2.7658    8.9746   -2.7263   23.3044   -2.8410   29.1198   -4.1361   33.3405   -3.5751   37.7562   -3.3461   50.0000   -6.0000
