    x          z
    8.1426    5.2860
    7.8266    5.3460
    8.0347    5.4001
    8.5765    4.4662
    9.5374    4.7276
    9.9545    4.3971
   10.0363    4.3267
   10.2521    4.0845
   10.3719    3.9262
   10.5637    4.2511
   10.8212    4.4131
   11.0645    4.3053
   10.8979    3.8774
   11.3186    4.3230
   11.4452    4.4038
   11.4306    4.3656
   11.8054    4.1851
   11.9433    3.9057
   12.1654    3.8893
   12.5997    3.2670
   12.5864    3.4643
   12.5901    3.5788
   12.8354    3.8276
   12.8595    3.9185
   12.6670    4.3173
   12.6849    4.2994
   12.9749    4.1301
   12.9665    4.1187
   13.0722    3.8089
   13.2279    3.0390
   23.6750   -7.5769
   23.7547   -7.8342
   23.6255   -7.7741
   23.4734   -8.3103
   23.3602   -8.4676
   23.7869   -8.4919
   23.9536   -8.7918
   23.7980   -8.7962
   23.6258   -9.4202
   23.7526   -9.5494
   24.0360   -9.3342
   23.9726   -9.3375
   23.7599   -9.5622
   23.7531   -9.6315
   23.7474   -9.9244
   23.7532   -9.7915
   24.0329   -9.9938
   24.1428  -10.3628
   23.7258  -10.6561
   23.9394  -10.8570
   23.6485  -10.9689
   23.4406  -11.1730
   23.5106  -11.2709
   23.5853  -11.3379
   23.5860  -11.3058
   23.6825  -11.4823
   23.7612  -11.9610
   23.6384  -12.0517
   23.6163  -12.0256
   23.5857  -11.8634
  -24.4418   -6.6379
  -24.6151   -6.6983
  -24.4165   -6.7507
  -24.6346   -7.0622
  -24.9284   -6.9806
  -24.6311   -7.0786
  -24.5728   -6.9664
  -24.1371   -6.9474
  -24.0546   -6.9718
  -23.6398   -6.7844
  -23.9899   -6.4942
  -23.8573   -6.1268
  -23.9461   -5.8574
  -23.9515   -5.9806
  -23.7508   -5.2148
  -23.9599   -4.7814
  -24.0542   -4.8270
  -23.4787   -4.8573
  -23.5068   -4.8048
  -23.1758   -4.9026
  -23.1585   -4.6333
  -22.8224   -4.5948
  -22.7321   -4.4821
  -22.6069   -4.2222
  -22.5408   -3.9318
  -22.4823   -3.8154
  -22.4358   -3.9223
  -22.8222   -4.2706
  -22.6932   -3.8886
  -23.1863   -3.8407
  -27.5580   -4.8725
  -27.4876   -5.0256
  -27.5484   -5.4219
  -27.3333   -5.3267
  -27.2933   -5.5386
  -27.0301   -6.3225
  -27.2181   -6.4313
  -26.9797   -6.0262
  -27.2661   -5.7950
  -27.2129   -5.5973
  -27.2248   -5.9205
  -27.1772   -6.2214
  -27.5446   -6.6008
  -27.1981   -6.0647
  -27.0653   -6.2751
  -26.7506   -6.4451
  -26.5633   -6.3966
  -26.2103   -6.3471
  -26.3016   -6.4478
  -26.1329   -6.6611
  -26.2961   -7.2319
  -26.5618   -7.5823
  -26.5235   -7.3237
  -26.6160   -7.1387
  -26.8326   -7.1918
  -27.1584   -7.2788
  -27.1072   -7.0466
  -27.0275   -7.2174
  -26.7369   -6.8734
  -26.3517   -6.7693
  -29.3257   10.3478
  -29.7933   10.4546
  -29.5565   10.2525
  -29.9655   10.3228
  -29.7869   10.3474
  -29.9880   10.3315
  -28.7314   10.3915
  -28.4868   10.2768
  -28.4902   10.3875
  -28.0830   10.5660
  -27.7176   11.3300
  -27.4977   11.5461
  -27.4446   11.4659
  -27.7822   11.4876
  -27.1871   11.3844
  -27.0821   11.2849
  -27.0187   11.0516
  -26.8996   10.8253
  -26.5875   10.8120
  -26.7111   10.4077
  -26.6666   10.6747
  -27.0182   10.7194
  -26.8459   11.2017
  -26.7829   11.3600
  -26.8370   11.6875
  -26.9273   11.6840
  -26.5453   12.0709
  -26.6927   12.1235
  -26.4979   11.9548
  -25.6574   12.0221
  -22.4196   -5.8357
  -22.6735   -6.0026
  -22.8290   -5.5244
  -23.1111   -5.5843
  -23.0499   -5.3791
  -22.6293   -4.9831
  -22.4760   -5.0115
  -22.5195   -4.9129
  -22.2487   -4.2965
  -22.0050   -4.0417
  -22.0765   -3.8609
  -21.7420   -3.9708
  -21.5977   -3.9915
  -21.4683   -4.0032
  -21.5000   -4.2358
  -21.2052   -4.5070
  -21.1338   -4.6369
  -21.2476   -4.9309
  -21.1466   -4.9488
  -20.9766   -4.8915
  -20.5848   -4.9187
  -20.2976   -5.2708
  -20.4442   -5.4245
  -20.0619   -4.9172
  -19.7434   -5.1070
  -19.6433   -5.5036
  -19.5988   -5.5643
  -19.4604   -5.3403
  -19.9916   -5.6561
  -20.9283   -5.5543
   10.0171   -2.6296
   10.0786   -2.7412
   10.0920   -2.5313
   10.4348   -2.8182
   10.9135   -2.7226
   10.9764   -2.7577
   11.1089   -2.6648
   10.9972   -2.6993
   11.3974   -2.8934
   11.2182   -3.0861
   11.4778   -3.0167
   11.4856   -3.3692
   11.1200   -3.4163
   11.0665   -3.1690
   10.8639   -3.2782
   10.5011   -3.1209
   10.1547   -2.8245
   10.2396   -2.9248
   10.0838   -3.1757
   10.4805   -3.6801
   10.3985   -3.9507
   10.3700   -3.5232
   10.3810   -3.9279
   10.3398   -4.1263
    9.9885   -4.3189
    9.4580   -4.5257
    9.7275   -4.5172
    9.7374   -5.0313
    9.5810   -4.9741
    9.2552   -5.1064
  -23.4101   -8.6820
  -23.5417   -8.8850
  -23.3530   -9.0241
  -23.3971   -9.2825
  -23.4230   -9.3507
  -23.4796   -9.4566
  -23.9105   -9.6786
  -24.6839   -9.2511
  -24.4967   -9.4085
  -24.3493   -9.4575
  -24.4522   -9.6156
  -24.2469   -9.8694
  -24.2680   -9.6175
  -24.4458   -9.6003
  -24.1039   -9.6159
  -24.1941   -9.3203
  -23.9602  -10.1722
  -24.0120  -10.0216
  -23.9560  -10.0653
  -24.3342   -9.6453
  -24.2924   -9.3887
  -24.0508   -9.2481
  -24.0773   -9.1744
  -24.2845   -8.6459
  -24.3033   -8.7201
  -24.1994   -8.5992
  -24.2055   -8.5247
  -24.1278   -8.6767
  -24.2882   -8.5755
  -24.4291   -8.2555
   19.0073   -4.6490
   19.1062   -4.1830
   19.1823   -4.3130
   19.0210   -4.0806
   18.5979   -4.4248
   18.3950   -4.6436
   18.3729   -4.7232
   18.1969   -5.5428
   18.2630   -5.5823
   18.2951   -5.3675
   16.9983   -5.5914
   16.8936   -5.8399
   16.8850   -5.6973
   16.6599   -5.9576
   16.2881   -5.7204
   16.2401   -5.9114
   15.9964   -6.1450
   15.8277   -6.2720
   15.6345   -6.2037
   15.3401   -6.3189
   15.4627   -6.4065
   15.0516   -6.3308
   14.9133   -6.3795
   14.4436   -6.7012
   14.3591   -7.1638
   14.2594   -7.1690
   14.0363   -6.4939
   14.0093   -6.4988
   13.6593   -6.7782
   13.1164   -7.3463
   27.9052   12.4308
   27.7254   12.5181
   28.0075   12.2666
   28.2412   11.9799
   27.9481   11.6227
   28.1656   11.2419
   28.3315   11.2421
   27.8469   11.1611
   27.9947   11.3303
   27.4123   11.0493
   27.5326   11.6305
   27.2538   11.7906
   26.9287   11.5304
   26.8865   11.7807
   26.6343   11.7057
   26.5731   11.6744
   26.3290   11.5416
   26.0927   11.7631
   25.9543   11.7451
   25.8514   11.7572
   25.5198   11.7169
   25.1129   12.1368
   25.1432   12.2117
   24.8581   12.2409
   24.6167   12.1755
   24.5415   13.1253
   24.4754   13.0201
   24.3328   13.0569
   24.4771   13.5715
   23.8277   13.5293
  -27.0378   -1.4553
  -27.3940   -1.1743
  -27.2446   -1.0785
  -27.7363   -1.2210
  -27.9923   -1.2798
  -28.2029   -1.3009
  -28.2286   -1.6606
  -28.6569   -1.1194
  -28.7079   -0.7686
  -28.5446   -0.6581
  -28.4476   -0.4998
  -28.5749   -0.2150
  -28.7521    0.1553
  -28.8961    0.2263
  -29.0342    0.4351
  -29.1887    0.4672
  -29.3148    0.7406
  -29.1482    1.0925
  -29.0273    1.1877
  -29.2275    1.0787
  -29.0592    1.0695
  -28.4762    1.0165
  -28.6984    1.1533
  -28.5701    1.0769
  -28.2615    1.3047
  -28.4159    1.4628
  -28.5664    1.7485
  -28.4961    1.7656
  -28.4644    1.9706
  -28.0590    2.6001
  -20.4321   -1.7974
  -20.4505   -2.0211
  -20.5455   -1.7751
  -20.6366   -1.4958
  -20.8622   -1.4446
  -20.5300   -1.3766
  -20.8805   -1.2184
  -20.6910   -1.2534
  -20.8227   -1.0124
  -20.4806   -1.0032
  -20.0312   -0.6694
  -20.1762   -0.7256
  -19.8284   -0.3640
  -19.7021    0.2756
  -19.8354    0.0576
  -19.9850    0.3896
  -19.4456   -0.0610
  -19.3762   -0.3244
  -19.5647   -0.3302
  -19.2041   -0.3519
  -19.2710   -0.3725
  -18.8422   -1.1001
  -18.5089   -1.3031
  -18.6844   -1.5552
  -18.2599   -1.8222
  -18.4145   -1.7953
  -17.9348   -2.2409
  -18.0344   -2.3843
  -18.2243   -2.1740
  -17.9224   -2.4099
  -14.3037    5.7331
  -14.4046    5.8480
  -14.2446    5.8371
  -13.8969    6.2235
  -13.6209    6.2231
  -13.5509    5.8090
  -13.5451    5.6576
  -13.3066    5.7227
  -13.2754    5.4225
  -13.3642    5.4977
  -13.3302    5.6353
  -13.4153    5.4893
  -13.7650    5.8480
  -13.9520    6.0257
  -13.7480    6.1496
  -14.0076    6.2483
  -14.4626    5.5223
  -14.2285    5.2865
  -14.6701    5.5312
  -14.6854    5.2841
  -14.9228    5.3112
  -15.3776    5.1573
  -15.3737    5.5236
  -15.5700    6.3111
  -15.8307    6.4920
  -15.7107    6.4489
  -15.5596    6.3289
  -15.4633    5.9087
  -15.7810    6.0229
  -15.6504    5.3839
   13.8629   -5.3971
   13.7046   -5.3380
   13.6092   -5.1777
   13.2311   -5.5591
   12.9952   -5.3898
   12.8324   -5.6062
   11.8777   -6.2492
   11.7010   -6.3425
   11.3558   -6.2903
   11.0818   -5.9666
   10.6726   -6.3493
   10.6710   -6.0418
   10.3691   -5.9645
   10.3215   -5.3861
   10.5729   -5.3816
   10.6102   -5.2683
   10.8048   -4.8938
   10.8084   -4.8228
   10.5214   -4.6999
   11.0522   -4.6019
   11.2538   -4.4711
   11.3238   -4.3092
   11.4301   -4.2379
   11.7473   -4.2059
   12.2296   -4.2367
   12.1376   -4.8001
   12.2742   -4.2738
   12.5157   -4.1874
   12.7321   -4.4184
   13.0808   -4.3058
  -18.9543   -7.5843
  -19.0154   -7.4545
  -18.8064   -7.8652
  -19.0569   -8.3262
  -18.8721   -7.9749
  -18.9674   -8.1782
  -18.8765   -8.4878
  -19.5090   -8.6606
  -19.8147   -8.4960
  -19.5383   -8.1912
  -19.8188   -8.3256
  -19.5317   -8.4217
  -20.5194   -8.5525
  -20.5332   -8.7464
  -20.5964   -8.8407
  -20.8737   -8.9426
  -20.1708   -8.2554
  -20.1122   -8.3971
  -19.9485   -8.3365
  -20.1104   -8.2043
  -20.3127   -8.1127
  -20.0237   -7.9828
  -19.9041   -7.2691
  -19.7894   -7.3190
  -19.9168   -7.3636
  -19.9192   -7.0540
  -20.0346   -7.1775
  -19.8875   -6.9630
  -19.8982   -6.7989
  -19.2517   -7.4511
  -19.8619   -9.3510
  -19.7654   -9.0820
  -19.6372   -9.1812
  -19.2160   -9.1533
  -19.1671   -9.1174
  -18.6044   -9.1934
  -18.5141   -8.8316
  -18.4566   -8.4261
  -18.6278   -8.4426
  -19.0051   -8.6612
  -19.0424   -8.5220
  -19.2056   -8.5158
  -19.4765   -8.5476
  -19.3918   -9.0729
  -19.7675   -9.0258
  -20.1677   -8.8154
  -20.7752   -8.8366
  -20.2925   -9.0937
  -20.2205   -9.2463
  -20.2999   -9.6901
  -20.3028  -10.2407
  -20.0942  -10.0090
  -20.0658  -10.1867
  -19.8631  -10.1685
  -19.5425  -10.7427
  -19.6974  -10.7299
  -19.7016  -10.9980
  -20.2718  -10.7803
  -20.3314  -10.9579
  -20.7526  -11.1001
   12.7911    0.8679
   13.0513    0.8568
   13.0644    0.8667
   13.2505    0.4434
   13.3564    0.6664
   13.2208    0.6011
   13.1169    0.6706
   13.2618    1.1573
   12.9003    2.1602
   12.7255    2.2650
   12.5761    2.1839
   11.9878    1.9614
   12.1296    1.7268
   12.0521    1.6853
   12.1502    1.5730
   12.5877    1.0980
   12.2309    0.6977
   12.1643    0.4624
   12.2467    0.4248
   12.5212    0.0916
   12.7853   -0.0351
   12.7468   -0.2518
   12.8813   -0.5266
   12.4286   -0.5199
   12.4318   -0.5452
   12.1943   -0.6771
   12.2206   -1.2908
   12.2165   -1.4414
   12.7368   -1.3854
   12.4907   -1.3617
  -26.5657    6.0666
  -26.8192    6.0419
  -26.6825    6.0379
  -27.1148    6.0065
  -27.2636    6.0058
  -27.4395    6.1327
  -27.7355    6.2589
  -27.7615    5.7514
  -28.0949    5.8082
  -28.0821    5.6926
  -28.7374    6.2353
  -28.8711    6.1345
  -28.8798    6.1166
  -29.5532    6.5013
  -29.6285    6.3109
  -29.7932    6.3431
  -29.9923    6.4578
  -30.0708    6.2460
  -30.3941    6.6261
  -30.7364    6.3095
  -31.2360    6.2422
  -31.2394    6.8164
  -31.1638    7.0808
  -31.4880    7.0810
  -31.6807    6.9981
  -31.9378    7.1068
  -32.1255    7.0490
  -32.2991    7.4318
  -31.7702    7.9410
  -31.2267    8.4879
  -27.9701   13.5790
  -28.0319   13.7786
  -28.3135   13.6425
  -28.0656   13.9535
  -28.3714   14.2985
  -28.5800   14.2230
  -28.9482   14.4295
  -29.0785   14.4181
  -29.4178   14.4113
  -29.5988   14.2435
  -29.6730   14.0059
  -29.7300   13.6701
  -29.1991   13.7777
  -29.6711   13.5620
  -30.0055   13.5235
  -30.1228   13.6087
  -30.4623   13.6461
  -30.6299   13.9119
  -30.5404   13.9952
  -30.9945   13.8947
  -31.2040   13.5333
  -31.4787   14.0506
  -31.6642   13.3972
  -31.1869   14.0317
  -31.0773   14.1021
  -31.1772   13.6811
  -31.1726   13.4124
  -30.9643   13.5362
  -30.7663   13.4550
  -30.0486   12.1829
   25.8636    9.2116
   26.3280    9.1737
   26.4998    8.9580
   26.4020    8.7359
   26.5567    8.6205
   26.4848    8.6750
   26.0079    8.3902
   25.8379    8.3721
   25.7318    8.3981
   25.5799    8.5754
   24.9511    8.2048
   25.0663    7.9136
   24.7658    7.8716
   24.7423    7.6513
   24.6122    7.6271
   24.8678    7.3578
   24.3749    7.2965
   24.4300    7.3166
   24.7957    6.9012
   24.9149    6.6874
   25.0893    6.7169
   25.3579    6.6985
   25.9262    6.6457
   25.9904    6.4035
   26.0499    6.7400
   26.3389    6.8116
   26.6442    6.3556
   26.4955    6.2506
   26.9091    6.1903
   27.4424    6.4465
  -26.5982   -2.5393
  -26.5289   -2.6032
  -26.2437   -2.5866
  -26.1826   -2.8291
  -25.7838   -2.4334
  -25.7110   -2.5139
  -25.7436   -2.6602
  -25.7255   -2.7031
  -25.7648   -2.2772
  -25.4802   -2.0004
  -25.3146   -2.2904
  -24.9050   -2.2997
  -24.9134   -2.4867
  -24.7719   -2.5159
  -24.3943   -2.7666
  -24.1248   -2.8261
  -24.0263   -2.6991
  -23.6431   -2.5701
  -23.9041   -2.0063
  -23.8801   -1.8058
  -23.7877   -1.8479
  -23.8535   -1.5617
  -24.1046   -1.3149
  -24.0031   -1.4156
  -23.9017   -1.1804
  -23.5097   -1.2349
  -23.3003   -1.2116
  -23.4782   -1.1458
  -23.5397   -1.0064
  -23.7037   -0.4335
   30.0263   -4.0132
   29.9942   -3.7632
   30.0510   -3.9274
   30.1586   -3.5894
   30.2410   -3.2104
   30.0329   -3.1185
   30.0868   -2.9909
   29.2819   -2.6410
   29.3629   -2.6665
   29.4303   -3.0377
   29.1283   -3.0391
   29.6275   -3.2205
   29.4369   -3.7197
   29.8666   -4.5402
   29.8986   -4.8518
   29.9133   -4.9281
   29.7330   -5.1271
   29.3737   -5.0254
   29.0349   -5.2084
   29.1652   -5.4322
   28.9915   -5.7238
   28.8243   -5.6263
   28.8595   -5.8735
   28.6188   -6.1128
   28.3340   -6.2092
   28.5272   -6.4928
   27.5964   -6.1625
   27.4325   -6.1208
   27.5230   -6.2324
   27.1663   -6.5574
   23.6916    6.1454
   23.8254    6.2551
   23.7280    6.3388
   23.2114    6.4945
   22.9890    6.5310
   22.9197    6.7747
   22.6075    6.7717
   22.9398    6.9360
   22.7805    7.3288
   22.6574    7.9819
   22.9285    7.7063
   22.9147    7.7437
   22.2904    7.9516
   22.1017    7.5290
   21.9655    7.8103
   20.9718    7.6896
   21.1195    7.5596
   21.0236    7.5872
   21.1052    7.7204
   21.0703    8.2108
   21.3986    8.8821
   21.0240    8.6155
   21.2948    8.7911
   21.4358    8.3599
   21.6187    8.1554
   21.4954    8.1779
   21.3966    7.7587
   21.3426    7.9048
   21.1205    7.7109
   20.6157    8.2606
  -16.4108   -3.6955
  -16.5758   -3.6863
  -15.6549   -4.3781
  -15.6233   -4.0536
  -15.6152   -3.9832
  -15.7061   -3.7349
  -16.0152   -3.9463
  -16.0924   -3.9028
  -15.7520   -4.1453
  -15.9984   -4.3850
  -16.2189   -4.3679
  -16.0843   -4.1524
  -15.9370   -3.9897
  -15.8305   -3.5989
  -15.4608   -3.5147
  -14.6041   -3.0272
  -14.6027   -3.1547
  -14.2405   -3.1672
  -14.0042   -3.1176
  -13.6860   -2.9203
  -13.7071   -2.6805
  -13.7545   -2.4663
  -13.6936   -2.4160
  -13.1319   -2.3286
  -12.9303   -2.2742
  -13.0506   -2.3869
  -12.8387   -2.6957
  -12.7202   -2.2480
  -12.5851   -2.6416
  -12.8758   -3.3415
    5.9419    3.9210
    5.9107    3.8840
    6.1558    3.8378
    6.4816    4.0866
    7.0633    3.8148
    7.0310    3.7799
    7.1666    3.3414
    7.4726    3.6066
    7.6504    3.8343
    7.6935    3.4072
    8.1111    3.2612
    8.2894    3.0733
    8.1328    3.4974
    7.8982    3.8520
    7.4185    4.1117
    7.3492    4.0880
    6.7363    4.0833
    6.7040    3.9515
    6.3507    4.2437
    5.7672    4.2641
    5.5156    4.0315
    5.4366    4.2342
    5.1596    4.0433
    4.8992    3.8600
    4.6745    3.8467
    4.4715    3.3973
    4.4104    3.3646
    4.6671    3.1201
    4.9722    3.2703
    4.3942    3.6964
  -25.2750   11.8746
  -24.9050   11.3313
  -24.5891   11.0069
  -24.4238   11.2266
  -24.2663   10.9683
  -24.1095   11.0575
  -23.9865   10.6781
  -23.7320   10.2282
  -23.2654   10.2129
  -22.9799    9.5575
  -23.0283    9.3772
  -23.1206    9.4656
  -22.8071    9.5694
  -22.5550    9.3290
  -22.5341    9.0786
  -22.4472    8.8572
  -21.9903    8.7925
  -22.0219    8.9290
  -21.9392    9.0759
  -21.8484    8.8224
  -21.2725    8.3017
  -21.3061    8.3109
  -21.3374    8.2412
  -21.8201    7.9453
  -21.8588    7.8611
  -21.6587    7.8151
  -21.8557    7.8309
  -22.0572    6.9689
  -22.1520    7.2558
  -22.5918    7.3434
  -11.0360   -6.0390
  -10.9954   -6.0250
  -11.2440   -5.9751
  -11.2815   -5.9807
  -11.2566   -5.5852
  -11.1025   -5.3083
  -10.8438   -5.0307
  -10.2356   -4.6981
  -10.3445   -4.7469
  -10.2644   -4.8354
  -10.1837   -5.4104
  -10.3268   -5.2579
  -10.1847   -5.1392
  -10.1049   -5.0329
   -9.8456   -4.4797
   -9.8551   -4.6193
   -9.7885   -4.3986
   -9.2450   -4.3325
   -8.8411   -4.1194
   -8.9415   -3.8958
   -8.9319   -3.9100
   -9.2350   -3.5707
   -9.7914   -3.3129
   -9.9212   -3.2922
  -10.2081   -3.2432
  -10.0368   -3.1327
  -10.0611   -2.4077
  -10.2270   -2.2908
   -9.8411   -2.1336
   -9.9328   -1.5857
   22.5782    4.8344
   22.7374    5.1674
   22.6504    5.2392
   23.5911    4.9614
   23.3653    4.8632
   23.2394    4.6638
   23.1517    4.1836
   23.0543    4.1719
   22.8279    3.8620
   22.7832    3.8768
   22.4227    3.6759
   22.3878    3.8030
   22.4680    4.2617
   22.2174    3.7439
   22.4412    4.2000
   22.0992    4.2053
   22.1016    4.1394
   22.2362    4.7932
   21.8812    4.6982
   22.2679    4.9319
   22.4282    5.0250
   22.4396    5.0574
   22.5668    5.1436
   22.5382    5.3188
   23.0205    5.4798
   23.0439    5.5754
   23.2810    5.7388
   23.6310    5.9095
   23.6444    6.0550
   24.1316    5.4130
  -29.7049   -9.2781
  -29.6372   -9.3421
  -29.5618   -9.4732
  -29.8423   -9.3804
  -29.7551   -9.4884
  -29.0621   -9.9719
  -29.1161  -10.0940
  -29.6609  -10.5135
  -29.8296  -10.4417
  -29.8313  -10.7182
  -29.4927  -11.1202
  -29.4202  -11.0159
  -29.3999  -11.2700
  -29.5601  -11.3337
  -29.8710  -11.7083
  -30.3228  -11.7424
  -30.2212  -11.4176
  -30.4562  -11.8852
  -30.5804  -12.4148
  -30.4359  -12.2560
  -31.1260  -11.7623
  -31.1671  -11.9079
  -31.3230  -11.9633
  -31.5562  -12.3518
  -31.1532  -12.4461
  -31.2685  -12.5916
  -31.1154  -12.5867
  -31.0229  -11.9176
  -31.2866  -11.8086
  -30.5907  -11.6330
   -1.8271    2.2031
   -2.0795    2.0090
   -1.6670    1.8922
   -1.7882    1.6351
   -1.8894    1.5070
   -1.8019    1.3715
   -2.1005    1.2771
   -2.1553    0.9019
   -2.4607    1.0060
   -2.5469    0.6741
   -2.3141    0.8709
   -2.4305    0.9267
   -2.8843    1.2352
   -3.4453    1.3877
   -3.3731    1.3503
   -3.6041    1.3804
   -3.8913    1.2291
   -3.8893    1.1070
   -4.2966    0.9586
   -4.8569    1.4100
   -4.8445    1.2829
   -4.7961    1.3067
   -4.4970    1.7570
   -4.6852    2.0768
   -5.0109    2.2581
   -5.4320    1.9792
   -5.4183    2.2858
   -5.4441    2.2701
   -5.7604    2.1630
   -5.4551    2.0973
  -32.3798    5.5262
  -32.2627    5.5295
  -32.1879    5.2172
  -32.1829    5.4570
  -32.3572    5.4223
  -32.3053    5.5680
  -32.1879    5.5976
  -31.5426    5.5373
  -31.5335    5.8297
  -31.5983    5.8258
  -31.3570    5.8442
  -31.8215    6.2793
  -31.2678    6.6777
  -31.1010    6.6471
  -30.9958    6.5607
  -30.4560    6.2270
  -30.4507    6.5677
  -30.3595    6.8016
  -29.8907    6.7128
  -29.8850    6.3286
  -29.9728    6.4874
  -29.7398    5.7953
  -29.6803    5.4636
  -29.5367    5.3382
  -29.3159    4.8799
  -28.9907    5.7248
  -29.1642    5.4981
  -29.0851    5.9893
  -29.2617    5.9494
  -29.7438    5.5493
   19.6104   -5.2136
   19.7782   -5.3529
   19.6897   -5.1489
   19.7098   -5.5191
   19.7736   -4.8353
   19.8964   -4.5960
   20.1260   -4.5074
   19.8641   -4.3954
   19.7588   -4.7367
   19.7202   -4.6098
   19.7924   -5.1106
   19.5840   -4.9046
   19.9454   -4.8298
   20.0122   -4.6717
   20.2979   -4.5191
   20.4146   -4.5866
   20.8013   -4.4682
   20.7796   -4.4944
   21.0431   -4.7980
   21.1653   -4.8461
   21.1984   -4.9756
   21.6569   -4.6396
   21.6934   -4.2935
   22.0544   -4.2197
   21.9249   -4.4023
   22.1067   -4.4447
   22.4203   -4.3950
   22.6817   -4.5630
   22.8112   -4.6595
   22.4745   -4.3725
  -17.2012  -10.1656
  -17.0446  -10.3361
  -17.3535  -10.5982
  -17.2576  -10.3739
  -17.0365  -10.4157
  -17.0310  -10.2669
  -17.2361   -9.6646
  -16.5042   -9.7285
  -16.4537   -9.2842
  -16.5336   -8.9563
  -16.0886   -8.7976
  -15.9545   -8.5107
  -16.0250   -8.8569
  -15.6132   -8.6821
  -15.4541   -8.4816
  -15.0813   -8.7117
  -15.0416   -8.7082
  -14.7116   -8.8874
  -14.8502   -9.2527
  -14.8057   -9.6092
  -14.8510   -9.7131
  -14.5446   -9.6720
  -14.5680   -9.5414
  -14.2339   -9.7418
  -13.8060   -9.7225
  -13.6755   -9.3176
  -13.6524   -9.2388
  -13.5460   -9.1282
  -13.4361   -8.9148
  -13.4334   -8.7585
