    2.3500   -0.2212    1.2350
    2.3771    0.3401    1.2467
    1.9117    0.0008    1.0550
    1.3039    1.2720    1.0266
    1.7142    1.6373    1.2318
    1.2164    1.7811    1.1518
    1.8745    0.5460    1.0746
    1.3916    0.7477    0.9086
    1.4587    0.2059    0.8384
    2.2608    0.9186    1.2567
    2.3771    0.3401    1.2467
    2.7272    0.7690    1.2872
    1.3039    1.2720    1.0266
    1.2164    1.7811    1.1518
    0.8063    1.4742    0.9496
    1.2164    1.7811    1.1518
    1.7142    1.6373    1.2318
    1.5884    2.1860    1.2908
    2.4383    2.4047    1.0316
    2.1210    2.0331    1.2661
    2.6717    1.8750    1.1443
    2.2608    0.9186    1.2567
    2.2298    1.4843    1.2876
    1.7948    1.1032    1.1342
    1.7142    1.6373    1.2318
    1.7948    1.1032    1.1342
    2.2298    1.4843    1.2876
    3.6239    0.7399    0.6924
    3.2028    0.9206    1.0965
    3.4016    0.4068    1.0282
    1.8745    0.5460    1.0746
    1.4587    0.2059    0.8384
    1.9117    0.0008    1.0550
    1.8745    0.5460    1.0746
    1.9117    0.0008    1.0550
    2.3771    0.3401    1.2467
    0.8063    1.4742    0.9496
    1.2164    1.7811    1.1518
    0.7196    1.9847    1.1443
    2.1210    2.0331    1.2661
    1.5884    2.1860    1.2908
    1.7142    1.6373    1.2318
    1.5884    2.1860    1.2908
    2.1210    2.0331    1.2661
    1.8874    2.5683    1.1818
    0.8988    0.9590    0.7771
    1.3916    0.7477    0.9086
    1.3039    1.2720    1.0266
    1.3039    1.2720    1.0266
    0.8063    1.4742    0.9496
    0.8988    0.9590    0.7771
    2.4383    2.4047    1.0316
    2.6717    1.8750    1.1443
    2.8435    2.3377    0.7194
    2.7272    0.7690    1.2872
    2.7268    1.2859    1.2429
    2.2608    0.9186    1.2567
    2.8000   -0.0314    1.2885
    2.9952    0.3732    1.2473
    2.3771    0.3401    1.2467
    3.2028    0.9206    1.0965
    2.7272    0.7690    1.2872
    2.9952    0.3732    1.2473
    2.3500   -0.2212    1.2350
    2.8000   -0.0314    1.2885
    2.3771    0.3401    1.2467
    2.3847   -0.7107    1.2612
    2.3500   -0.2212    1.2350
    1.9178   -0.5629    1.1019
    3.4016    0.4068    1.0282
    2.9952    0.3732    1.2473
    3.3189   -0.1552    1.1125
    2.9952    0.3732    1.2473
    3.4016    0.4068    1.0282
    3.2028    0.9206    1.0965
    1.1242    2.2806    1.2611
    0.7285    2.5463    1.2830
    0.7196    1.9847    1.1443
    1.1242    2.2806    1.2611
    0.7196    1.9847    1.1443
    1.2164    1.7811    1.1518
    1.2164    1.7811    1.1518
    1.5884    2.1860    1.2908
    1.1242    2.2806    1.2611
    2.8435    2.3377    0.7194
    2.5955    2.7454    0.5297
    2.4383    2.4047    1.0316
    1.4587    0.2059    0.8384
    1.0398   -0.1329    0.6414
    1.4811   -0.3560    0.8749
    1.4811   -0.3560    0.8749
    1.9117    0.0008    1.0550
    1.4587    0.2059    0.8384
    1.9178   -0.5629    1.1019
    1.9117    0.0008    1.0550
    1.4811   -0.3560    0.8749
    0.6017   -0.4477    0.5293
    1.0398   -0.1329    0.6414
    0.5471    0.1041    0.4876
    0.7196    1.9847    1.1443
    0.2652    2.2257    1.1990
    0.3107    1.6900    0.9728
    1.3916    0.7477    0.9086
    0.8988    0.9590    0.7771
    0.9784    0.4246    0.6675
    0.5471    0.1041    0.4876
    1.0398   -0.1329    0.6414
    0.9784    0.4246    0.6675
    0.9784    0.4246    0.6675
    1.4587    0.2059    0.8384
    1.3916    0.7477    0.9086
    0.9784    0.4246    0.6675
    1.0398   -0.1329    0.6414
    1.4587    0.2059    0.8384
    0.3942    1.1795    0.7308
    0.8988    0.9590    0.7771
    0.8063    1.4742    0.9496
    2.2298    1.4843    1.2876
    2.6717    1.8750    1.1443
    2.1210    2.0331    1.2661
    2.2298    1.4843    1.2876
    2.2608    0.9186    1.2567
    2.7268    1.2859    1.2429
    2.7268    1.2859    1.2429
    2.7272    0.7690    1.2872
    3.2028    0.9206    1.0965
    3.6239    0.7399    0.6924
    3.4762    1.2091    0.7182
    3.2028    0.9206    1.0965
    2.7268    1.2859    1.2429
    3.1295    1.4758    0.9882
    2.6717    1.8750    1.1443
    2.6717    1.8750    1.1443
    2.2298    1.4843    1.2876
    2.7268    1.2859    1.2429
    1.5884    2.1860    1.2908
    1.3093    2.7627    1.2272
    1.1242    2.2806    1.2611
    0.2652    2.2257    1.1990
    0.7196    1.9847    1.1443
    0.7285    2.5463    1.2830
    2.1964    2.8174    0.8579
    2.4383    2.4047    1.0316
    2.5955    2.7454    0.5297
    1.0465   -0.7094    0.7435
    1.4811   -0.3560    0.8749
    1.0398   -0.1329    0.6414
    1.0398   -0.1329    0.6414
    0.6017   -0.4477    0.5293
    1.0465   -0.7094    0.7435
   -0.2189    2.4434    1.2423
   -0.1669    1.9051    1.0592
    0.2652    2.2257    1.1990
    0.5471    0.1041    0.4876
    0.9784    0.4246    0.6675
    0.4767    0.6506    0.5552
    0.4767    0.6506    0.5552
    0.9784    0.4246    0.6675
    0.8988    0.9590    0.7771
    0.8988    0.9590    0.7771
    0.3942    1.1795    0.7308
    0.4767    0.6506    0.5552
    1.9117    0.0008    1.0550
    1.9178   -0.5629    1.1019
    2.3500   -0.2212    1.2350
    0.7285    2.5463    1.2830
    1.1242    2.2806    1.2611
    1.3093    2.7627    1.2272
    2.1964    2.8174    0.8579
    1.8874    2.5683    1.1818
    2.4383    2.4047    1.0316
    2.1210    2.0331    1.2661
    2.4383    2.4047    1.0316
    1.8874    2.5683    1.1818
    2.1964    2.8174    0.8579
    2.5955    2.7454    0.5297
    2.1543    3.1391    0.4800
    2.5955    2.7454    0.5297
    2.8435    2.3377    0.7194
    2.9777    2.5310    0.1119
    3.4366    1.6536    0.4733
    3.1898    2.1469    0.4087
    3.0736    1.8962    0.8087
    3.0736    1.8962    0.8087
    2.8435    2.3377    0.7194
    2.6717    1.8750    1.1443
    0.5471    0.1041    0.4876
    0.4767    0.6506    0.5552
    0.0267    0.3199    0.4276
    1.9178   -0.5629    1.1019
    1.4811   -0.3560    0.8749
    1.5168   -0.9200    0.9851
    1.4811   -0.3560    0.8749
    1.0465   -0.7094    0.7435
    1.5168   -0.9200    0.9851
    0.6017   -0.4477    0.5293
    0.1438   -0.7243    0.5426
    0.5383   -0.9887    0.6944
    0.5383   -0.9887    0.6944
    1.0465   -0.7094    0.7435
    0.6017   -0.4477    0.5293
   -0.0387    0.8617    0.5731
    0.3942    1.1795    0.7308
   -0.1065    1.3863    0.8030
    0.3942    1.1795    0.7308
    0.8063    1.4742    0.9496
    0.3107    1.6900    0.9728
    0.7196    1.9847    1.1443
    0.3107    1.6900    0.9728
    0.8063    1.4742    0.9496
   -0.1669    1.9051    1.0592
    0.3107    1.6900    0.9728
    0.2652    2.2257    1.1990
    2.3847   -0.7107    1.2612
    2.0674   -1.1108    1.2220
    2.7321   -1.0462    1.2673
    1.7350    3.0516    0.9439
    1.8874    2.5683    1.1818
    2.1964    2.8174    0.8579
    2.1964    2.8174    0.8579
    2.1543    3.1391    0.4800
    1.7350    3.0516    0.9439
    1.6016    3.4006    0.5765
    1.2131    3.2801    0.9646
    1.7350    3.0516    0.9439
    1.7350    3.0516    0.9439
    2.1543    3.1391    0.4800
    1.6016    3.4006    0.5765
    3.1898    2.1469    0.4087
    3.3399    2.0376   -0.0106
    2.9777    2.5310    0.1119
    2.5736    2.9552    0.0312
    2.1543    3.1391    0.4800
    2.5955    2.7454    0.5297
    3.6449    1.2243   -0.3801
    3.5770    1.5648   -0.0043
    3.7237    1.1203    0.2405
    2.8435    2.3377    0.7194
    3.0736    1.8962    0.8087
    3.1898    2.1469    0.4087
    3.5770    1.5648   -0.0043
    3.3399    2.0376   -0.0106
    3.4366    1.6536    0.4733
    3.5770    1.5648   -0.0043
    3.6449    1.2243   -0.3801
    3.4055    1.7367   -0.4729
    0.3107    1.6900    0.9728
   -0.1065    1.3863    0.8030
    0.3942    1.1795    0.7308
   -0.0387    0.8617    0.5731
    0.4767    0.6506    0.5552
    0.3942    1.1795    0.7308
   -0.0387    0.8617    0.5731
    0.0267    0.3199    0.4276
    0.4767    0.6506    0.5552
   -0.4825    0.5089    0.5135
   -0.0387    0.8617    0.5731
   -0.5306    1.0524    0.7139
    1.9178   -0.5629    1.1019
    2.0674   -1.1108    1.2220
    2.3847   -0.7107    1.2612
    1.0140   -1.2586    0.9224
    1.5537   -1.4178    1.1339
    1.5168   -0.9200    0.9851
    2.4924   -1.5323    1.2644
    2.7321   -1.0462    1.2673
    2.0674   -1.1108    1.2220
    1.9178   -0.5629    1.1019
    1.5168   -0.9200    0.9851
    2.0674   -1.1108    1.2220
    1.5537   -1.4178    1.1339
    2.0099   -1.6305    1.2802
    2.0674   -1.1108    1.2220
    2.4924   -1.5323    1.2644
    2.0674   -1.1108    1.2220
    2.0099   -1.6305    1.2802
    1.0140   -1.2586    0.9224
    1.5168   -0.9200    0.9851
    1.0465   -0.7094    0.7435
    1.0465   -0.7094    0.7435
    0.5383   -0.9887    0.6944
    1.0140   -1.2586    0.9224
    2.0674   -1.1108    1.2220
    1.5168   -0.9200    0.9851
    1.5537   -1.4178    1.1339
    1.1935   -1.8028    1.1731
    1.5537   -1.4178    1.1339
    1.0140   -1.2586    0.9224
    0.3807   -1.4267    0.8544
    0.5383   -0.9887    0.6944
   -0.1213   -1.1543    0.6974
    0.5471    0.1041    0.4876
    0.0267    0.3199    0.4276
    0.0878   -0.2226    0.4249
    0.0878   -0.2226    0.4249
    0.6017   -0.4477    0.5293
    0.5471    0.1041    0.4876
    0.0878   -0.2226    0.4249
    0.1438   -0.7243    0.5426
    0.6017   -0.4477    0.5293
   -0.2902    3.4555    0.9797
   -0.8149    3.5568    0.7617
   -0.7826    3.1700    1.1390
   -0.8149    3.5568    0.7617
   -0.2902    3.4555    0.9797
   -0.3555    3.7536    0.5865
   -0.2189    2.4434    1.2423
   -0.2602    2.9955    1.2580
   -0.7275    2.6454    1.2803
   -1.3859    0.8907    0.9394
   -0.9465    0.6989    0.7093
   -1.0038    1.2421    0.9054
    2.4924   -1.5323    1.2644
    2.2298   -2.1234    1.2243
    2.7615   -1.9017    1.0719
    3.1097    2.2499   -0.4367
    2.7542    2.2738   -0.8590
    2.7371    2.6763   -0.4105
    0.1648    3.7303    0.6471
   -0.3555    3.7536    0.5865
   -0.2902    3.4555    0.9797
   -0.7404    3.8200    0.2532
   -0.8149    3.5568    0.7617
   -0.3555    3.7536    0.5865
   -0.3555    3.7536    0.5865
    0.1648    3.7303    0.6471
   -0.1661    3.8942    0.1395
   -1.2459    3.6197    0.4378
   -0.8149    3.5568    0.7617
   -0.7404    3.8200    0.2532
   -0.5476    3.8446   -0.2776
    0.0272    3.8362   -0.3938
   -0.3477    3.6266   -0.7631
    1.1203    3.6243    0.5111
    1.2131    3.2801    0.9646
    1.6016    3.4006    0.5765
    1.6016    3.4006    0.5765
    1.4122    3.6408    0.0444
    1.1203    3.6243    0.5111
    1.1203    3.6243    0.5111
    0.9249    3.8038   -0.0312
    0.6434    3.7713    0.4307
    0.3587    3.8929    0.0454
    0.6434    3.7713    0.4307
    0.9249    3.8038   -0.0312
    0.6851    3.4982    0.8652
    0.7569    3.0597    1.1904
    1.2131    3.2801    0.9646
    0.6851    3.4982    0.8652
    0.6434    3.7713    0.4307
    0.1648    3.7303    0.6471
    1.2131    3.2801    0.9646
    1.1203    3.6243    0.5111
    0.6851    3.4982    0.8652
    0.6851    3.4982    0.8652
    1.1203    3.6243    0.5111
    0.6434    3.7713    0.4307
    0.2458    2.7871    1.2905
   -0.2189    2.4434    1.2423
    0.2652    2.2257    1.1990
    0.2458    2.7871    1.2905
   -0.2602    2.9955    1.2580
   -0.2189    2.4434    1.2423
    0.2652    2.2257    1.1990
    0.7285    2.5463    1.2830
    0.2458    2.7871    1.2905
    0.7285    2.5463    1.2830
    0.7569    3.0597    1.1904
    0.2458    2.7871    1.2905
    1.8874    2.5683    1.1818
    1.7350    3.0516    0.9439
    1.3093    2.7627    1.2272
    1.8874    2.5683    1.1818
    1.3093    2.7627    1.2272
    1.5884    2.1860    1.2908
    1.3093    2.7627    1.2272
    0.7569    3.0597    1.1904
    0.7285    2.5463    1.2830
    1.2131    3.2801    0.9646
    0.7569    3.0597    1.1904
    1.3093    2.7627    1.2272
    1.3093    2.7627    1.2272
    1.7350    3.0516    0.9439
    1.2131    3.2801    0.9646
    3.1898    2.1469    0.4087
    3.4366    1.6536    0.4733
    3.3399    2.0376   -0.0106
    3.1097    2.2499   -0.4367
    2.7371    2.6763   -0.4105
    2.9777    2.5310    0.1119
    3.1898    2.1469    0.4087
    2.9777    2.5310    0.1119
    2.8435    2.3377    0.7194
    3.1097    2.2499   -0.4367
    2.9777    2.5310    0.1119
    3.3399    2.0376   -0.0106
    0.0267    0.3199    0.4276
   -0.0387    0.8617    0.5731
   -0.4825    0.5089    0.5135
   -0.5306    1.0524    0.7139
   -0.9465    0.6989    0.7093
   -0.4825    0.5089    0.5135
   -0.1065    1.3863    0.8030
   -0.5306    1.0524    0.7139
   -0.0387    0.8617    0.5731
    0.7990   -2.2002    1.2228
    0.3404   -1.9509    1.0961
    0.3946   -2.5056    1.2643
    0.5383   -0.9887    0.6944
    0.3807   -1.4267    0.8544
    1.0140   -1.2586    0.9224
    1.1935   -1.8028    1.1731
    1.0140   -1.2586    0.9224
    0.7554   -1.6906    1.0362
    0.7554   -1.6906    1.0362
    1.0140   -1.2586    0.9224
    0.3807   -1.4267    0.8544
   -0.1021   -1.6814    0.9522
    0.3404   -1.9509    1.0961
    0.3807   -1.4267    0.8544
    0.3404   -1.9509    1.0961
    0.7990   -2.2002    1.2228
    0.7554   -1.6906    1.0362
    1.1935   -1.8028    1.1731
    0.7554   -1.6906    1.0362
    0.7990   -2.2002    1.2228
   -3.5487   -1.1894    0.6401
   -3.5823   -1.5408    0.1968
   -3.3129   -1.6923    0.6723
   -2.1110   -2.9018    0.8501
   -2.6085   -2.6698    0.6213
   -2.2567   -3.1002    0.3936
   -3.0211   -2.1963    0.6231
   -2.9756   -2.5080    0.1827
   -2.6085   -2.6698    0.6213
    0.2246    3.3199    1.1035
   -0.2902    3.4555    0.9797
   -0.2602    2.9955    1.2580
   -0.2602    2.9955    1.2580
    0.2458    2.7871    1.2905
    0.2246    3.3199    1.1035
    0.2246    3.3199    1.1035
    0.2458    2.7871    1.2905
    0.7569    3.0597    1.1904
    0.1648    3.7303    0.6471
   -0.2902    3.4555    0.9797
    0.2246    3.3199    1.1035
    0.2246    3.3199    1.1035
    0.6851    3.4982    0.8652
    0.1648    3.7303    0.6471
    0.7569    3.0597    1.1904
    0.6851    3.4982    0.8652
    0.2246    3.3199    1.1035
   -0.1669    1.9051    1.0592
   -0.2189    2.4434    1.2423
   -0.6590    2.1003    1.1778
   -0.2189    2.4434    1.2423
   -0.7275    2.6454    1.2803
   -0.6590    2.1003    1.1778
   -1.7671    0.5601    1.0256
   -1.8698    1.0244    1.1487
   -2.2400    0.5621    1.2048
   -1.8698    1.0244    1.1487
   -1.7671    0.5601    1.0256
   -1.3859    0.8907    0.9394
   -0.5306    1.0524    0.7139
   -1.0038    1.2421    0.9054
   -0.9465    0.6989    0.7093
   -1.0038    1.2421    0.9054
   -0.5306    1.0524    0.7139
   -0.5901    1.5771    0.9579
    3.4016    0.4068    1.0282
    3.6889    0.1724    0.7168
    3.6239    0.7399    0.6924
    3.4016    0.4068    1.0282
    3.3189   -0.1552    1.1125
    3.6889    0.1724    0.7168
    3.4055    1.7367   -0.4729
    3.0802    1.8212   -0.8627
    3.1097    2.2499   -0.4367
    2.6215    1.8560   -1.1737
    2.2354    2.2545   -1.1900
    2.7542    2.2738   -0.8590
    2.2513    3.0578   -0.5156
    2.7371    2.6763   -0.4105
    2.4345    2.6474   -0.8341
    2.5736    2.9552    0.0312
    2.9777    2.5310    0.1119
    2.7371    2.6763   -0.4105
    2.5955    2.7454    0.5297
    2.9777    2.5310    0.1119
    2.5736    2.9552    0.0312
   -0.7275    2.6454    1.2803
   -1.1726    2.2859    1.2655
   -0.6590    2.1003    1.1778
   -1.0839    1.7547    1.1278
   -0.6590    2.1003    1.1778
   -1.1726    2.2859    1.2655
   -1.1121    3.7472   -0.1193
   -1.2459    3.6197    0.4378
   -0.7404    3.8200    0.2532
   -0.7404    3.8200    0.2532
   -0.5476    3.8446   -0.2776
   -1.1121    3.7472   -0.1193
   -0.8149    3.5568    0.7617
   -1.2459    3.6197    0.4378
   -1.2909    3.2973    0.9165
   -1.7355    3.3440    0.5919
   -1.2909    3.2973    0.9165
   -1.2459    3.6197    0.4378
   -2.1883    2.9930    0.6929
   -1.7500    2.9497    1.0109
   -1.7355    3.3440    0.5919
   -1.2909    3.2973    0.9165
   -1.7355    3.3440    0.5919
   -1.7500    2.9497    1.0109
   -0.3555    3.7536    0.5865
   -0.1661    3.8942    0.1395
   -0.7404    3.8200    0.2532
   -0.5476    3.8446   -0.2776
   -0.7404    3.8200    0.2532
   -0.1661    3.8942    0.1395
   -0.1661    3.8942    0.1395
    0.1648    3.7303    0.6471
    0.3587    3.8929    0.0454
    0.6434    3.7713    0.4307
    0.3587    3.8929    0.0454
    0.1648    3.7303    0.6471
    0.3587    3.8929    0.0454
    0.0272    3.8362   -0.3938
   -0.1661    3.8942    0.1395
    0.0272    3.8362   -0.3938
   -0.5476    3.8446   -0.2776
   -0.1661    3.8942    0.1395
   -2.1883    2.9930    0.6929
   -2.5917    2.5998    0.7341
   -2.1951    2.5583    1.0735
   -2.5670    2.9106    0.2882
   -2.9563    2.5063    0.3124
   -2.5917    2.5998    0.7341
    3.4762    1.2091    0.7182
    3.7237    1.1203    0.2405
    3.4366    1.6536    0.4733
    3.8544    0.5304    0.2565
    3.7237    1.1203    0.2405
    3.6239    0.7399    0.6924
    3.0736    1.8962    0.8087
    3.1295    1.4758    0.9882
    3.4366    1.6536    0.4733
    3.4762    1.2091    0.7182
    3.6239    0.7399    0.6924
    3.7237    1.1203    0.2405
    3.0736    1.8962    0.8087
    2.6717    1.8750    1.1443
    3.1295    1.4758    0.9882
    3.4762    1.2091    0.7182
    3.4366    1.6536    0.4733
    3.1295    1.4758    0.9882
    2.7268    1.2859    1.2429
    3.2028    0.9206    1.0965
    3.1295    1.4758    0.9882
    3.1295    1.4758    0.9882
    3.2028    0.9206    1.0965
    3.4762    1.2091    0.7182
    3.8544    0.5304    0.2565
    3.6239    0.7399    0.6924
    3.6889    0.1724    0.7168
   -2.6857   -2.2459    0.9530
   -3.0211   -2.1963    0.6231
   -2.6085   -2.6698    0.6213
   -3.1588   -2.2637   -0.2071
   -3.3113   -2.0233    0.2263
   -3.4212   -1.8186   -0.2756
   -3.3113   -2.0233    0.2263
   -3.3129   -1.6923    0.6723
   -3.5823   -1.5408    0.1968
   -2.9756   -2.5080    0.1827
   -3.3113   -2.0233    0.2263
   -3.1588   -2.2637   -0.2071
   -2.9756   -2.5080    0.1827
   -2.8228   -2.5926   -0.4379
   -2.6462   -2.8666    0.0751
   -3.0752   -2.0873   -0.6648
   -3.1588   -2.2637   -0.2071
   -3.4212   -1.8186   -0.2756
   -3.3113   -2.0233    0.2263
   -2.9756   -2.5080    0.1827
   -3.0211   -2.1963    0.6231
   -0.4310   -0.0544    0.4484
    0.0878   -0.2226    0.4249
    0.0267    0.3199    0.4276
    0.0267    0.3199    0.4276
   -0.4825    0.5089    0.5135
   -0.4310   -0.0544    0.4484
   -0.9465    0.6989    0.7093
   -1.3859    0.8907    0.9394
   -1.3576    0.3440    0.8071
   -1.3576    0.3440    0.8071
   -1.3859    0.8907    0.9394
   -1.7671    0.5601    1.0256
   -1.4968    1.4028    1.1166
   -1.0839    1.7547    1.1278
   -1.6047    1.9143    1.2638
   -1.6047    1.9143    1.2638
   -1.1726    2.2859    1.2655
   -1.7027    2.4450    1.2474
   -1.0038    1.2421    0.9054
   -0.5901    1.5771    0.9579
   -1.0839    1.7547    1.1278
   -0.6590    2.1003    1.1778
   -1.0839    1.7547    1.1278
   -0.5901    1.5771    0.9579
   -0.1065    1.3863    0.8030
   -0.5901    1.5771    0.9579
   -0.5306    1.0524    0.7139
   -0.1669    1.9051    1.0592
   -0.6590    2.1003    1.1778
   -0.5901    1.5771    0.9579
   -0.5901    1.5771    0.9579
   -0.1065    1.3863    0.8030
   -0.1669    1.9051    1.0592
    0.3107    1.6900    0.9728
   -0.1669    1.9051    1.0592
   -0.1065    1.3863    0.8030
    2.8000   -0.0314    1.2885
    2.8840   -0.5163    1.2688
    3.3189   -0.1552    1.1125
    2.7272    0.7690    1.2872
    2.3771    0.3401    1.2467
    2.9952    0.3732    1.2473
    2.8000   -0.0314    1.2885
    2.3500   -0.2212    1.2350
    2.8840   -0.5163    1.2688
    2.3847   -0.7107    1.2612
    2.8840   -0.5163    1.2688
    2.3500   -0.2212    1.2350
   -2.2567   -3.1002    0.3936
   -2.6462   -2.8666    0.0751
   -2.2498   -3.2018   -0.0892
   -0.0596   -2.2283    1.1780
    0.3946   -2.5056    1.2643
    0.3404   -1.9509    1.0961
    1.1935   -1.8028    1.1731
    0.7990   -2.2002    1.2228
    1.2504   -2.3799    1.2881
    1.2504   -2.3799    1.2881
    0.7990   -2.2002    1.2228
    0.8260   -2.7916    1.2771
    0.3946   -2.5056    1.2643
    0.8260   -2.7916    1.2771
    0.7990   -2.2002    1.2228
    2.1570   -2.7017    1.0045
    1.9588   -3.1621    0.6535
    2.3999   -2.8967    0.5687
    2.2298   -2.1234    1.2243
    2.1570   -2.7017    1.0045
    2.5528   -2.4453    0.9237
   -0.0594   -3.8979   -0.1130
   -0.4311   -3.8746    0.2072
   -0.5319   -3.8150   -0.3688
    2.7615   -1.9017    1.0719
    2.5528   -2.4453    0.9237
    2.9153   -2.1998    0.7721
    2.5528   -2.4453    0.9237
    2.7615   -1.9017    1.0719
    2.2298   -2.1234    1.2243
    2.7615   -1.9017    1.0719
    3.0536   -1.4091    1.0760
    2.4924   -1.5323    1.2644
    2.7321   -1.0462    1.2673
    2.4924   -1.5323    1.2644
    3.0536   -1.4091    1.0760
    2.9153   -2.1998    0.7721
    3.2368   -1.8089    0.6782
    2.7615   -1.9017    1.0719
    3.4390   -1.3023    0.7262
    3.0536   -1.4091    1.0760
    3.2368   -1.8089    0.6782
    3.0802    1.8212   -0.8627
    3.3633    1.2901   -0.8340
    2.9452    1.3603   -1.1493
    3.1511    0.8426   -1.1448
    2.9452    1.3603   -1.1493
    3.3633    1.2901   -0.8340
    2.1864    3.2291   -0.0572
    2.5736    2.9552    0.0312
    2.2513    3.0578   -0.5156
    1.7163    3.2344   -0.7644
    1.7751    3.4384   -0.3380
    2.2513    3.0578   -0.5156
    0.5122    2.6682   -1.2840
    0.4024    3.1602   -1.1707
    0.9417    2.9057   -1.2341
    0.5122    2.6682   -1.2840
    0.9417    2.9057   -1.2341
    0.7977    2.2616   -1.2334
    1.2205    3.5889   -0.5084
    1.7751    3.4384   -0.3380
    1.7163    3.2344   -0.7644
   -1.7386    3.1859   -0.7888
   -1.9505    3.3442   -0.3017
   -1.4501    3.5321   -0.4835
   -0.3477    3.6266   -0.7631
   -0.1507    3.2568   -1.1391
   -0.7005    3.2898   -1.0590
    2.0671    1.6855   -1.2784
    1.6639    1.9692   -1.2765
    2.2354    2.2545   -1.1900
    1.7748    2.4584   -1.2393
    2.0175    2.8239   -0.9919
    2.2354    2.2545   -1.1900
    2.6215    1.8560   -1.1737
    2.7542    2.2738   -0.8590
    3.0802    1.8212   -0.8627
    2.4345    2.6474   -0.8341
    2.7542    2.2738   -0.8590
    2.2354    2.2545   -1.1900
    1.7748    2.4584   -1.2393
    2.2354    2.2545   -1.1900
    1.6639    1.9692   -1.2765
    2.2354    2.2545   -1.1900
    2.6215    1.8560   -1.1737
    2.0671    1.6855   -1.2784
    1.6899    0.8684   -1.0645
    1.2001    0.8752   -0.8651
    1.5438    1.3911   -1.1419
    0.3232    0.6331   -0.5165
    0.6082    1.1240   -0.7473
    0.7912    0.6181   -0.6284
    0.7912    0.6181   -0.6284
    0.6082    1.1240   -0.7473
    1.2001    0.8752   -0.8651
    1.6639    1.9692   -1.2765
    2.0671    1.6855   -1.2784
    1.5438    1.3911   -1.1419
    1.0213    1.3815   -0.9587
    1.5438    1.3911   -1.1419
    1.2001    0.8752   -0.8651
    0.2072    1.4481   -0.8426
    0.5886    1.7360   -1.0305
    0.6082    1.1240   -0.7473
    1.4905    2.8820   -1.1401
    1.2691    2.4027   -1.2734
    0.9417    2.9057   -1.2341
    1.6639    1.9692   -1.2765
    1.2691    2.4027   -1.2734
    1.7748    2.4584   -1.2393
    1.4905    2.8820   -1.1401
    1.7748    2.4584   -1.2393
    1.2691    2.4027   -1.2734
    2.0175    2.8239   -0.9919
    1.7748    2.4584   -1.2393
    1.4905    2.8820   -1.1401
   -2.7588    0.9336    1.2693
   -3.2106    0.6730    1.1235
   -2.7302    0.3631    1.2874
   -2.6374    1.5627    1.2324
   -3.1701    1.2513    1.0320
   -2.7588    0.9336    1.2693
   -2.0297    1.5371    1.2645
   -2.6374    1.5627    1.2324
   -2.3308    1.1155    1.2693
   -1.1726    2.2859    1.2655
   -1.2538    2.8312    1.2270
   -1.7027    2.4450    1.2474
   -0.7826    3.1700    1.1390
   -1.2538    2.8312    1.2270
   -0.7275    2.6454    1.2803
   -3.3129   -1.6923    0.6723
   -3.1370   -1.2803    1.0519
   -3.5487   -1.1894    0.6401
   -2.9157   -1.7770    1.0223
   -3.3129   -1.6923    0.6723
   -3.0211   -2.1963    0.6231
   -3.6496    1.4081    0.0013
   -3.7521    1.0107    0.2428
   -3.4875    1.4832    0.5373
   -3.2106    0.6730    1.1235
   -3.5552    0.9137    0.7458
   -3.5821    0.3323    0.8543
   -3.2675    2.0036    0.4079
   -3.4499    1.8187   -0.0369
   -3.4875    1.4832    0.5373
   -2.9563    2.5063    0.3124
   -3.1907    2.2663   -0.1004
   -3.2675    2.0036    0.4079
   -2.1883    2.9930    0.6929
   -2.1951    2.5583    1.0735
   -1.7500    2.9497    1.0109
   -1.7500    2.9497    1.0109
   -1.7027    2.4450    1.2474
   -1.2538    2.8312    1.2270
   -1.7027    2.4450    1.2474
   -1.7500    2.9497    1.0109
   -2.1951    2.5583    1.0735
   -2.1951    2.5583    1.0735
   -2.5917    2.5998    0.7341
   -2.6132    2.1155    1.0633
   -3.4499    1.8187   -0.0369
   -3.2675    2.0036    0.4079
   -3.1907    2.2663   -0.1004
   -3.5552    0.9137    0.7458
   -3.4875    1.4832    0.5373
   -3.7521    1.0107    0.2428
   -3.4499    1.8187   -0.0369
   -3.4845    1.5173   -0.5271
   -3.6496    1.4081    0.0013
   -1.6326   -2.4343   -1.2637
   -2.1649   -2.4232   -1.1415
   -1.9191   -1.9942   -1.2799
   -1.8391   -2.8959   -1.0092
   -2.1649   -2.4232   -1.1415
   -1.6326   -2.4343   -1.2637
   -1.2459    3.6197    0.4378
   -1.1121    3.7472   -0.1193
   -1.6283    3.5481    0.0667
   -1.4501    3.5321   -0.4835
   -1.9505    3.3442   -0.3017
   -1.6283    3.5481    0.0667
   -1.6283    3.5481    0.0667
   -1.1121    3.7472   -0.1193
   -1.4501    3.5321   -0.4835
   -0.9102    3.6224   -0.6461
   -0.5476    3.8446   -0.2776
   -0.3477    3.6266   -0.7631
   -0.9102    3.6224   -0.6461
   -1.1121    3.7472   -0.1193
   -0.5476    3.8446   -0.2776
   -1.4501    3.5321   -0.4835
   -1.1121    3.7472   -0.1193
   -0.9102    3.6224   -0.6461
   -0.3477    3.6266   -0.7631
   -0.7005    3.2898   -1.0590
   -0.9102    3.6224   -0.6461
   -3.1907    2.2663   -0.1004
   -2.8256    2.6911   -0.1747
   -2.9482    2.3597   -0.5692
    3.6585   -0.3667    0.7272
    3.6889    0.1724    0.7168
    3.3189   -0.1552    1.1125
    3.8516   -0.5936    0.2071
    3.8707   -0.0144    0.2737
    3.6585   -0.3667    0.7272
    3.6889    0.1724    0.7168
    3.6585   -0.3667    0.7272
    3.8707   -0.0144    0.2737
   -3.1588   -2.2637   -0.2071
   -2.8228   -2.5926   -0.4379
   -2.9756   -2.5080    0.1827
   -2.4542   -2.9631   -0.4097
   -2.6462   -2.8666    0.0751
   -2.8228   -2.5926   -0.4379
   -2.2498   -3.2018   -0.0892
   -2.6462   -2.8666    0.0751
   -2.4542   -2.9631   -0.4097
    0.3404   -1.9509    1.0961
   -0.1021   -1.6814    0.9522
   -0.0596   -2.2283    1.1780
    0.1438   -0.7243    0.5426
   -0.1213   -1.1543    0.6974
    0.5383   -0.9887    0.6944
   -0.9465    0.6989    0.7093
   -1.3576    0.3440    0.8071
   -0.9220    0.1368    0.5941
   -0.9220    0.1368    0.5941
   -0.4825    0.5089    0.5135
   -0.9465    0.6989    0.7093
   -0.9220    0.1368    0.5941
   -0.4310   -0.0544    0.4484
   -0.4825    0.5089    0.5135
   -1.1726    2.2859    1.2655
   -1.6047    1.9143    1.2638
   -1.0839    1.7547    1.1278
   -1.4968    1.4028    1.1166
   -1.0038    1.2421    0.9054
   -1.0839    1.7547    1.1278
   -1.4968    1.4028    1.1166
   -1.8698    1.0244    1.1487
   -1.3859    0.8907    0.9394
   -1.3859    0.8907    0.9394
   -1.0038    1.2421    0.9054
   -1.4968    1.4028    1.1166
   -2.0297    1.5371    1.2645
   -1.6047    1.9143    1.2638
   -2.1543    2.0282    1.2541
   -2.3308    1.1155    1.2693
   -1.8698    1.0244    1.1487
   -2.0297    1.5371    1.2645
   -2.7588    0.9336    1.2693
   -2.3308    1.1155    1.2693
   -2.6374    1.5627    1.2324
   -1.6047    1.9143    1.2638
   -2.0297    1.5371    1.2645
   -1.4968    1.4028    1.1166
   -1.8698    1.0244    1.1487
   -1.4968    1.4028    1.1166
   -2.0297    1.5371    1.2645
   -2.0297    1.5371    1.2645
   -2.1543    2.0282    1.2541
   -2.6374    1.5627    1.2324
   -1.7027    2.4450    1.2474
   -2.1543    2.0282    1.2541
   -1.6047    1.9143    1.2638
    2.7907   -2.6096    0.4496
    2.3999   -2.8967    0.5687
    2.6206   -2.9010    0.0548
   -1.2693   -3.4522    0.7165
   -1.7891   -3.3266    0.5584
   -1.3924   -3.6229    0.2340
   -1.4802   -3.5601   -0.3342
   -0.9781   -3.7917   -0.0717
   -1.3924   -3.6229    0.2340
    1.7249   -2.9522    1.0130
    1.9588   -3.1621    0.6535
    2.1570   -2.7017    1.0045
    0.8260   -2.7916    1.2771
    0.3946   -2.5056    1.2643
    0.3817   -3.1101    1.1999
    3.6382   -0.8411    0.6492
    3.4390   -1.3023    0.7262
    3.7082   -1.1533    0.2548
    3.1134   -2.2417    0.3889
    3.3248   -2.0668    0.0765
    3.2368   -1.8089    0.6782
    3.2368   -1.8089    0.6782
    3.5250   -1.6237    0.2495
    3.4390   -1.3023    0.7262
    3.6382   -0.8411    0.6492
    3.2868   -0.8087    1.0552
    3.4390   -1.3023    0.7262
    3.1134   -2.2417    0.3889
    3.2368   -1.8089    0.6782
    2.9153   -2.1998    0.7721
    3.1134   -2.2417    0.3889
    2.9153   -2.1998    0.7721
    2.7907   -2.6096    0.4496
    2.9153   -2.1998    0.7721
    2.5528   -2.4453    0.9237
    2.7907   -2.6096    0.4496
    3.0802    1.8212   -0.8627
    2.9452    1.3603   -1.1493
    2.6215    1.8560   -1.1737
    2.4750    1.3895   -1.2806
    2.6215    1.8560   -1.1737
    2.9452    1.3603   -1.1493
    2.4750    1.3895   -1.2806
    2.0671    1.6855   -1.2784
    2.6215    1.8560   -1.1737
    2.7526   -2.3375   -0.8172
    2.3798   -2.7412   -0.7878
    2.3853   -2.2468   -1.1267
    2.5736    2.9552    0.0312
    2.1864    3.2291   -0.0572
    2.1543    3.1391    0.4800
    1.6016    3.4006    0.5765
    2.1543    3.1391    0.4800
    1.8418    3.4369    0.1781
    1.8418    3.4369    0.1781
    2.1543    3.1391    0.4800
    2.1864    3.2291   -0.0572
    1.8418    3.4369    0.1781
    2.1864    3.2291   -0.0572
    1.7751    3.4384   -0.3380
    1.8418    3.4369    0.1781
    1.4122    3.6408    0.0444
    1.6016    3.4006    0.5765
    1.8418    3.4369    0.1781
    1.7751    3.4384   -0.3380
    1.4122    3.6408    0.0444
    2.2513    3.0578   -0.5156
    2.4345    2.6474   -0.8341
    2.0175    2.8239   -0.9919
    2.2354    2.2545   -1.1900
    2.0175    2.8239   -0.9919
    2.4345    2.6474   -0.8341
    2.4345    2.6474   -0.8341
    2.7371    2.6763   -0.4105
    2.7542    2.2738   -0.8590
    2.7371    2.6763   -0.4105
    2.2513    3.0578   -0.5156
    2.5736    2.9552    0.0312
    2.2513    3.0578   -0.5156
    2.0175    2.8239   -0.9919
    1.7163    3.2344   -0.7644
    2.1864    3.2291   -0.0572
    2.2513    3.0578   -0.5156
    1.7751    3.4384   -0.3380
    0.0249    2.7461   -1.2835
   -0.1507    3.2568   -1.1391
    0.4024    3.1602   -1.1707
    0.4024    3.1602   -1.1707
    0.5122    2.6682   -1.2840
    0.0249    2.7461   -1.2835
    0.0249    2.7461   -1.2835
    0.5122    2.6682   -1.2840
    0.2708    2.2182   -1.1820
    0.6140    3.7540   -0.4727
    0.0272    3.8362   -0.3938
    0.3587    3.8929    0.0454
    1.2335    3.2724   -0.9431
    1.2205    3.5889   -0.5084
    1.7163    3.2344   -0.7644
    1.2335    3.2724   -0.9431
    1.4905    2.8820   -1.1401
    0.9417    2.9057   -1.2341
    1.2335    3.2724   -0.9431
    1.7163    3.2344   -0.7644
    1.4905    2.8820   -1.1401
    2.0175    2.8239   -0.9919
    1.4905    2.8820   -1.1401
    1.7163    3.2344   -0.7644
   -2.1999    3.0236   -0.6165
   -1.7386    3.1859   -0.7888
   -2.0652    2.7725   -0.9867
    1.0213    1.3815   -0.9587
    0.5886    1.7360   -1.0305
    1.1489    1.8431   -1.1780
    1.1489    1.8431   -1.1780
    1.2691    2.4027   -1.2734
    1.6639    1.9692   -1.2765
    1.6639    1.9692   -1.2765
    1.5438    1.3911   -1.1419
    1.1489    1.8431   -1.1780
    1.1489    1.8431   -1.1780
    1.5438    1.3911   -1.1419
    1.0213    1.3815   -0.9587
    1.2691    2.4027   -1.2734
    0.7977    2.2616   -1.2334
    0.9417    2.9057   -1.2341
    1.2691    2.4027   -1.2734
    1.1489    1.8431   -1.1780
    0.7977    2.2616   -1.2334
    0.7977    2.2616   -1.2334
    1.1489    1.8431   -1.1780
    0.5886    1.7360   -1.0305
    0.2708    2.2182   -1.1820
    0.5122    2.6682   -1.2840
    0.7977    2.2616   -1.2334
    0.7977    2.2616   -1.2334
    0.5886    1.7360   -1.0305
    0.2708    2.2182   -1.1820
   -1.1726    2.2859    1.2655
   -0.7275    2.6454    1.2803
   -1.2538    2.8312    1.2270
   -0.7826    3.1700    1.1390
   -0.7275    2.6454    1.2803
   -0.2602    2.9955    1.2580
   -0.7826    3.1700    1.1390
   -1.2909    3.2973    0.9165
   -1.2538    2.8312    1.2270
   -1.7500    2.9497    1.0109
   -1.2538    2.8312    1.2270
   -1.2909    3.2973    0.9165
   -1.2909    3.2973    0.9165
   -0.7826    3.1700    1.1390
   -0.8149    3.5568    0.7617
   -0.2602    2.9955    1.2580
   -0.2902    3.4555    0.9797
   -0.7826    3.1700    1.1390
   -2.3308    1.1155    1.2693
   -2.7588    0.9336    1.2693
   -2.2400    0.5621    1.2048
   -2.3308    1.1155    1.2693
   -2.2400    0.5621    1.2048
   -1.8698    1.0244    1.1487
   -2.7318   -0.7510   -1.2756
   -2.1879   -0.9481   -1.2242
   -2.5242   -1.3432   -1.2860
   -2.5242   -1.3432   -1.2860
   -1.9188   -1.4626   -1.2466
   -2.3872   -1.8823   -1.2433
   -3.1071    0.1807   -1.2092
   -3.1936   -0.3279   -1.1757
   -3.5422    0.0771   -0.9101
   -3.6431    0.6353   -0.7119
   -3.5422    0.0771   -0.9101
   -3.7998    0.2355   -0.4789
   -3.8164    0.4925    0.4037
   -3.5821    0.3323    0.8543
   -3.5552    0.9137    0.7458
   -3.5552    0.9137    0.7458
   -3.1701    1.2513    1.0320
   -3.4875    1.4832    0.5373
   -3.0767    1.7555    0.8964
   -3.4875    1.4832    0.5373
   -3.1701    1.2513    1.0320
   -3.8580    0.6207   -0.1411
   -3.7521    1.0107    0.2428
   -3.6959    1.0528   -0.3707
   -3.6496    1.4081    0.0013
   -3.4875    1.4832    0.5373
   -3.4499    1.8187   -0.0369
   -3.0767    1.7555    0.8964
   -3.1701    1.2513    1.0320
   -2.6374    1.5627    1.2324
   -2.6132    2.1155    1.0633
   -2.9358    2.2129    0.7142
   -3.0767    1.7555    0.8964
   -2.1543    2.0282    1.2541
   -2.6132    2.1155    1.0633
   -2.6374    1.5627    1.2324
   -2.1258    3.2658    0.2064
   -1.7355    3.3440    0.5919
   -1.6283    3.5481    0.0667
   -1.2459    3.6197    0.4378
   -1.6283    3.5481    0.0667
   -1.7355    3.3440    0.5919
   -2.1258    3.2658    0.2064
   -2.5670    2.9106    0.2882
   -2.1883    2.9930    0.6929
   -1.7355    3.3440    0.5919
   -2.1258    3.2658    0.2064
   -2.1883    2.9930    0.6929
   -2.1258    3.2658    0.2064
   -1.6283    3.5481    0.0667
   -1.9505    3.3442   -0.3017
   -1.4501    3.5321   -0.4835
   -0.9102    3.6224   -0.6461
   -1.2365    3.2727   -0.9473
   -1.2365    3.2727   -0.9473
   -0.9102    3.6224   -0.6461
   -0.7005    3.2898   -1.0590
   -1.2365    3.2727   -0.9473
   -1.7386    3.1859   -0.7888
   -1.4501    3.5321   -0.4835
   -1.5572    2.8390   -1.1575
   -1.7386    3.1859   -0.7888
   -1.2365    3.2727   -0.9473
   -3.1907    2.2663   -0.1004
   -2.9563    2.5063    0.3124
   -2.8256    2.6911   -0.1747
   -2.5670    2.9106    0.2882
   -2.8256    2.6911   -0.1747
   -2.9563    2.5063    0.3124
   -3.4845    1.5173   -0.5271
   -3.4499    1.8187   -0.0369
   -3.2240    1.9512   -0.5785
   -2.9358    2.2129    0.7142
   -2.5917    2.5998    0.7341
   -2.9563    2.5063    0.3124
   -1.9505    3.3442   -0.3017
   -1.7386    3.1859   -0.7888
   -2.1999    3.0236   -0.6165
   -1.5572    2.8390   -1.1575
   -2.0652    2.7725   -0.9867
   -1.7386    3.1859   -0.7888
   -2.1999    3.0236   -0.6165
   -2.5763    2.6578   -0.6952
   -2.4317    3.0326   -0.2113
   -2.1999    3.0236   -0.6165
   -2.0652    2.7725   -0.9867
   -2.5763    2.6578   -0.6952
    3.4366    1.6536    0.4733
    3.7237    1.1203    0.2405
    3.5770    1.5648   -0.0043
    3.7082   -1.1533    0.2548
    3.8516   -0.5936    0.2071
    3.6382   -0.8411    0.6492
    3.7420   -0.1438   -0.6263
    3.8853   -0.1963   -0.1524
    3.7971   -0.6204   -0.3978
    3.8544    0.5304    0.2565
    3.6889    0.1724    0.7168
    3.8707   -0.0144    0.2737
    3.8707   -0.0144    0.2737
    3.8516   -0.5936    0.2071
    3.8853   -0.1963   -0.1524
    3.4114   -1.8198   -0.2779
    3.6191   -1.4124   -0.2729
    3.5250   -1.6237    0.2495
    2.8000   -0.0314    1.2885
    3.3189   -0.1552    1.1125
    2.9952    0.3732    1.2473
    3.6382   -0.8411    0.6492
    3.6585   -0.3667    0.7272
    3.2868   -0.8087    1.0552
    3.0536   -1.4091    1.0760
    3.2868   -0.8087    1.0552
    2.7321   -1.0462    1.2673
    2.7321   -1.0462    1.2673
    2.8840   -0.5163    1.2688
    2.3847   -0.7107    1.2612
   -2.3392   -2.7723   -0.7994
   -1.8391   -2.8959   -1.0092
   -1.9592   -3.2332   -0.5537
   -2.2498   -3.2018   -0.0892
   -2.4542   -2.9631   -0.4097
   -1.9592   -3.2332   -0.5537
   -0.5148   -2.0017    1.1340
   -0.0596   -2.2283    1.1780
   -0.1021   -1.6814    0.9522
   -0.5987   -1.4686    0.9038
   -0.5148   -2.0017    1.1340
   -0.1021   -1.6814    0.9522
   -0.1021   -1.6814    0.9522
   -0.1213   -1.1543    0.6974
   -0.5987   -1.4686    0.9038
    0.7554   -1.6906    1.0362
    0.3807   -1.4267    0.8544
    0.3404   -1.9509    1.0961
    0.3807   -1.4267    0.8544
   -0.1213   -1.1543    0.6974
   -0.1021   -1.6814    0.9522
   -0.0596   -2.2283    1.1780
   -0.5148   -2.0017    1.1340
   -0.4168   -2.5930    1.2807
   -1.3701   -0.2033    0.7983
   -0.9220    0.1368    0.5941
   -1.3576    0.3440    0.8071
   -1.6702   -1.0701    1.0975
   -1.2839   -0.7409    0.8541
   -1.8313   -0.4961    1.0479
   -0.4310   -0.0544    0.4484
   -0.9220    0.1368    0.5941
   -0.8666   -0.4170    0.6192
   -0.8666   -0.4170    0.6192
   -1.3701   -0.2033    0.7983
   -1.2839   -0.7409    0.8541
   -0.9220    0.1368    0.5941
   -1.3701   -0.2033    0.7983
   -0.8666   -0.4170    0.6192
   -3.2675    2.0036    0.4079
   -3.0767    1.7555    0.8964
   -2.9358    2.2129    0.7142
   -2.9358    2.2129    0.7142
   -2.6132    2.1155    1.0633
   -2.5917    2.5998    0.7341
   -3.4875    1.4832    0.5373
   -3.0767    1.7555    0.8964
   -3.2675    2.0036    0.4079
   -3.0767    1.7555    0.8964
   -2.6374    1.5627    1.2324
   -2.6132    2.1155    1.0633
   -2.6132    2.1155    1.0633
   -2.1543    2.0282    1.2541
   -2.1951    2.5583    1.0735
   -1.7027    2.4450    1.2474
   -2.1951    2.5583    1.0735
   -2.1543    2.0282    1.2541
    2.3999   -2.8967    0.5687
    2.7907   -2.6096    0.4496
    2.5528   -2.4453    0.9237
    1.5296   -3.0621   -1.0164
    2.0028   -2.6747   -1.0908
    1.9489   -3.1314   -0.7211
    3.0032   -2.4868   -0.0494
    3.3248   -2.0668    0.0765
    3.1134   -2.2417    0.3889
   -0.9781   -3.7917   -0.0717
   -0.4311   -3.8746    0.2072
   -0.8525   -3.7180    0.4851
   -0.8525   -3.7180    0.4851
   -1.3924   -3.6229    0.2340
   -0.9781   -3.7917   -0.0717
   -1.2693   -3.4522    0.7165
   -1.3924   -3.6229    0.2340
   -0.8525   -3.7180    0.4851
   -0.8525   -3.7180    0.4851
   -0.7125   -3.4390    0.9411
   -1.2693   -3.4522    0.7165
   -0.8525   -3.7180    0.4851
   -0.4311   -3.8746    0.2072
   -0.2719   -3.6865    0.7176
   -0.2719   -3.6865    0.7176
   -0.7125   -3.4390    0.9411
   -0.8525   -3.7180    0.4851
   -1.4802   -3.5601   -0.3342
   -1.3924   -3.6229    0.2340
   -1.8641   -3.4297    0.0285
   -2.2567   -3.1002    0.3936
   -2.2498   -3.2018   -0.0892
   -1.8641   -3.4297    0.0285
   -1.8641   -3.4297    0.0285
   -1.7891   -3.3266    0.5584
   -2.2567   -3.1002    0.3936
   -1.8641   -3.4297    0.0285
   -1.3924   -3.6229    0.2340
   -1.7891   -3.3266    0.5584
    1.1935   -1.8028    1.1731
    1.2504   -2.3799    1.2881
    1.6639   -1.9866    1.2727
    1.6639   -1.9866    1.2727
    1.5537   -1.4178    1.1339
    1.1935   -1.8028    1.1731
    1.6639   -1.9866    1.2727
    2.0099   -1.6305    1.2802
    1.5537   -1.4178    1.1339
    0.0033   -2.7873    1.2855
    0.3817   -3.1101    1.1999
    0.3946   -2.5056    1.2643
    0.3817   -3.1101    1.1999
    0.8683   -3.3435    0.9910
    0.8260   -2.7916    1.2771
    1.2855   -2.9318    1.1810
    0.8260   -2.7916    1.2771
    0.8683   -3.3435    0.9910
    3.6585   -0.3667    0.7272
    3.6382   -0.8411    0.6492
    3.8516   -0.5936    0.2071
    3.0536   -1.4091    1.0760
    2.7615   -1.9017    1.0719
    3.2368   -1.8089    0.6782
    3.3189   -0.1552    1.1125
    3.2868   -0.8087    1.0552
    3.6585   -0.3667    0.7272
    3.2868   -0.8087    1.0552
    3.3189   -0.1552    1.1125
    2.8840   -0.5163    1.2688
    3.0536   -1.4091    1.0760
    3.4390   -1.3023    0.7262
    3.2868   -0.8087    1.0552
    2.8840   -0.5163    1.2688
    2.7321   -1.0462    1.2673
    3.2868   -0.8087    1.0552
    2.0671    1.6855   -1.2784
    2.0670    1.1156   -1.2275
    1.5438    1.3911   -1.1419
    2.4750    1.3895   -1.2806
    2.0670    1.1156   -1.2275
    2.0671    1.6855   -1.2784
    1.6899    0.8684   -1.0645
    1.5438    1.3911   -1.1419
    2.0670    1.1156   -1.2275
    3.5677   -0.5844   -0.8234
    3.3752   -0.1744   -1.0549
    3.7420   -0.1438   -0.6263
    3.3752   -0.1744   -1.0549
    3.5677   -0.5844   -0.8234
    3.2142   -0.7136   -1.1240
    3.1208   -2.1704   -0.5150
    2.7463   -2.6695   -0.4255
    2.7526   -2.3375   -0.8172
    2.5980    0.8963   -1.2864
    3.1511    0.8426   -1.1448
    2.7494    0.3927   -1.2910
    2.0670    1.1156   -1.2275
    2.4750    1.3895   -1.2806
    2.5980    0.8963   -1.2864
    3.5962    0.7516   -0.7495
    3.6140    0.2684   -0.7968
    3.2420    0.3179   -1.1343
    3.3752   -0.1744   -1.0549
    3.2420    0.3179   -1.1343
    3.6140    0.2684   -0.7968
    2.4068    0.0200   -1.2464
    2.8731   -0.2244   -1.2702
    2.2790   -0.5170   -1.2317
    2.6933   -1.3794   -1.2330
    2.7438   -0.8243   -1.2833
    3.1288   -1.2632   -1.0730
    3.2420    0.3179   -1.1343
    3.3752   -0.1744   -1.0549
    2.8731   -0.2244   -1.2702
   -0.4971    2.8166   -1.2860
   -0.7005    3.2898   -1.0590
   -0.1507    3.2568   -1.1391
   -0.1507    3.2568   -1.1391
    0.0249    2.7461   -1.2835
   -0.4971    2.8166   -1.2860
    0.7794    3.4517   -0.9202
    0.6140    3.7540   -0.4727
    1.2205    3.5889   -0.5084
    0.9417    2.9057   -1.2341
    0.4024    3.1602   -1.1707
    0.7794    3.4517   -0.9202
    0.7794    3.4517   -0.9202
    1.2335    3.2724   -0.9431
    0.9417    2.9057   -1.2341
    1.2205    3.5889   -0.5084
    1.2335    3.2724   -0.9431
    0.7794    3.4517   -0.9202
    0.2213    3.5796   -0.8501
   -0.1507    3.2568   -1.1391
   -0.3477    3.6266   -0.7631
    0.4024    3.1602   -1.1707
   -0.1507    3.2568   -1.1391
    0.2213    3.5796   -0.8501
   -0.3477    3.6266   -0.7631
    0.0272    3.8362   -0.3938
    0.2213    3.5796   -0.8501
    0.0272    3.8362   -0.3938
    0.6140    3.7540   -0.4727
    0.2213    3.5796   -0.8501
    0.2213    3.5796   -0.8501
    0.7794    3.4517   -0.9202
    0.4024    3.1602   -1.1707
    0.6140    3.7540   -0.4727
    0.7794    3.4517   -0.9202
    0.2213    3.5796   -0.8501
    1.4122    3.6408    0.0444
    0.9249    3.8038   -0.0312
    1.1203    3.6243    0.5111
    0.9249    3.8038   -0.0312
    0.6140    3.7540   -0.4727
    0.3587    3.8929    0.0454
    0.9249    3.8038   -0.0312
    1.4122    3.6408    0.0444
    1.2205    3.5889   -0.5084
    1.7751    3.4384   -0.3380
    1.2205    3.5889   -0.5084
    1.4122    3.6408    0.0444
    1.2205    3.5889   -0.5084
    0.6140    3.7540   -0.4727
    0.9249    3.8038   -0.0312
   -0.0061    1.0604   -0.6543
    0.6082    1.1240   -0.7473
    0.3232    0.6331   -0.5165
   -1.9191   -1.9942   -1.2799
   -2.1649   -2.4232   -1.1415
   -2.3872   -1.8823   -1.2433
   -3.0455   -1.2564   -1.1290
   -2.5242   -1.3432   -1.2860
   -2.8722   -1.7710   -1.0630
   -3.1936   -0.3279   -1.1757
   -3.2239   -0.7991   -1.1003
   -3.5805   -0.5061   -0.8301
   -3.7998    0.2355   -0.4789
   -3.5422    0.0771   -0.9101
   -3.8222   -0.2497   -0.4494
   -2.9358    2.2129    0.7142
   -2.9563    2.5063    0.3124
   -3.2675    2.0036    0.4079
   -2.4317    3.0326   -0.2113
   -2.5763    2.6578   -0.6952
   -2.8256    2.6911   -0.1747
   -2.9482    2.3597   -0.5692
   -3.2240    1.9512   -0.5785
   -3.1907    2.2663   -0.1004
   -3.2240    1.9512   -0.5785
   -3.0994    1.5682   -0.9705
   -3.4845    1.5173   -0.5271
   -3.0994    1.5682   -0.9705
   -3.2240    1.9512   -0.5785
   -2.7811    2.0624   -0.9837
   -3.1071    0.1807   -1.2092
   -3.2669    0.6186   -1.1064
   -2.6868    0.5164   -1.2772
   -2.9482    2.3597   -0.5692
   -2.7811    2.0624   -0.9837
   -3.2240    1.9512   -0.5785
   -3.0994    1.5682   -0.9705
   -2.9286    1.0595   -1.2141
   -3.4033    1.1053   -0.8796
   -3.2669    0.6186   -1.1064
   -3.4033    1.1053   -0.8796
   -2.9286    1.0595   -1.2141
   -3.6496    1.4081    0.0013
   -3.6959    1.0528   -0.3707
   -3.7521    1.0107    0.2428
   -3.6431    0.6353   -0.7119
   -3.6959    1.0528   -0.3707
   -3.4033    1.1053   -0.8796
   -0.9324   -3.2526   -1.0674
   -1.4547   -3.2917   -0.8370
   -1.3059   -2.8603   -1.1903
   -1.8391   -2.8959   -1.0092
   -1.6326   -2.4343   -1.2637
   -1.3059   -2.8603   -1.1903
   -0.2449   -2.5709   -1.2772
    0.1162   -2.9569   -1.2575
   -0.4042   -3.1170   -1.1936
   -0.2449   -2.5709   -1.2772
   -0.4042   -3.1170   -1.1936
   -0.7755   -2.7294   -1.2882
   -2.4317    3.0326   -0.2113
   -2.1258    3.2658    0.2064
   -1.9505    3.3442   -0.3017
   -2.5917    2.5998    0.7341
   -2.1883    2.9930    0.6929
   -2.5670    2.9106    0.2882
   -1.9505    3.3442   -0.3017
   -2.1999    3.0236   -0.6165
   -2.4317    3.0326   -0.2113
   -2.9482    2.3597   -0.5692
   -2.8256    2.6911   -0.1747
   -2.5763    2.6578   -0.6952
   -2.4317    3.0326   -0.2113
   -2.5670    2.9106    0.2882
   -2.1258    3.2658    0.2064
   -2.8256    2.6911   -0.1747
   -2.5670    2.9106    0.2882
   -2.4317    3.0326   -0.2113
    3.8853   -0.1963   -0.1524
    3.8592    0.3128   -0.2974
    3.8707   -0.0144    0.2737
    3.3399    2.0376   -0.0106
    3.5770    1.5648   -0.0043
    3.4055    1.7367   -0.4729
    3.6140    0.2684   -0.7968
    3.5962    0.7516   -0.7495
    3.8592    0.3128   -0.2974
    3.7995    0.7991   -0.2075
    3.8592    0.3128   -0.2974
    3.5962    0.7516   -0.7495
    3.1097    2.2499   -0.4367
    3.3399    2.0376   -0.0106
    3.4055    1.7367   -0.4729
    3.7616   -0.9816   -0.1911
    3.8516   -0.5936    0.2071
    3.7082   -1.1533    0.2548
    3.7082   -1.1533    0.2548
    3.6191   -1.4124   -0.2729
    3.7616   -0.9816   -0.1911
    3.5250   -1.6237    0.2495
    3.7082   -1.1533    0.2548
    3.4390   -1.3023    0.7262
    3.7971   -0.6204   -0.3978
    3.7616   -0.9816   -0.1911
    3.5277   -1.0795   -0.7157
    3.3047   -1.6295   -0.7264
    3.5277   -1.0795   -0.7157
    3.6191   -1.4124   -0.2729
    3.8853   -0.1963   -0.1524
    3.7420   -0.1438   -0.6263
    3.8592    0.3128   -0.2974
    3.7616   -0.9816   -0.1911
    3.7971   -0.6204   -0.3978
    3.8516   -0.5936    0.2071
    3.6140    0.2684   -0.7968
    3.8592    0.3128   -0.2974
    3.7420   -0.1438   -0.6263
    3.6191   -1.4124   -0.2729
    3.5277   -1.0795   -0.7157
    3.7616   -0.9816   -0.1911
    3.3248   -2.0668    0.0765
    3.4114   -1.8198   -0.2779
    3.5250   -1.6237    0.2495
    3.7082   -1.1533    0.2548
    3.5250   -1.6237    0.2495
    3.6191   -1.4124   -0.2729
    3.5277   -1.0795   -0.7157
    3.5677   -0.5844   -0.8234
    3.7971   -0.6204   -0.3978
    3.1288   -1.2632   -1.0730
    3.2142   -0.7136   -1.1240
    3.5277   -1.0795   -0.7157
    3.4114   -1.8198   -0.2779
    3.3047   -1.6295   -0.7264
    3.6191   -1.4124   -0.2729
   -2.6533   -2.3004   -0.9285
   -2.1649   -2.4232   -1.1415
   -2.3392   -2.7723   -0.7994
   -1.8391   -2.8959   -1.0092
   -2.3392   -2.7723   -0.7994
   -2.1649   -2.4232   -1.1415
   -2.8722   -1.7710   -1.0630
   -2.6533   -2.3004   -0.9285
   -3.0752   -2.0873   -0.6648
   -2.6533   -2.3004   -0.9285
   -2.3392   -2.7723   -0.7994
   -2.8228   -2.5926   -0.4379
   -0.8864   -2.3593    1.2594
   -0.4168   -2.5930    1.2807
   -0.5148   -2.0017    1.1340
    0.3946   -2.5056    1.2643
   -0.0596   -2.2283    1.1780
    0.0033   -2.7873    1.2855
   -0.4168   -2.5930    1.2807
    0.0033   -2.7873    1.2855
   -0.0596   -2.2283    1.1780
    0.0033   -2.7873    1.2855
   -0.4168   -2.5930    1.2807
   -0.2210   -3.2335    1.1475
   -1.6181   -3.0645    0.9916
   -1.7891   -3.3266    0.5584
   -1.2693   -3.4522    0.7165
   -1.0067   -1.7977    1.1340
   -0.5148   -2.0017    1.1340
   -0.5987   -1.4686    0.9038
   -1.0067   -1.7977    1.1340
   -0.8864   -2.3593    1.2594
   -0.5148   -2.0017    1.1340
   -3.5321   -0.2431    0.9036
   -3.3709   -0.8048    0.9895
   -3.1487   -0.4198    1.1838
   -3.5321   -0.2431    0.9036
   -3.7132   -0.6463    0.5684
   -3.3709   -0.8048    0.9895
   -3.5487   -1.1894    0.6401
   -3.3709   -0.8048    0.9895
   -3.7132   -0.6463    0.5684
   -3.3709   -0.8048    0.9895
   -3.5487   -1.1894    0.6401
   -3.1370   -1.2803    1.0519
   -2.2581   -0.0054    1.1970
   -1.8132    0.0788    1.0170
   -2.2400    0.5621    1.2048
   -2.2581   -0.0054    1.1970
   -1.8313   -0.4961    1.0479
   -1.8132    0.0788    1.0170
   -1.8313   -0.4961    1.0479
   -1.3701   -0.2033    0.7983
   -1.8132    0.0788    1.0170
   -1.7671    0.5601    1.0256
   -2.2400    0.5621    1.2048
   -1.8132    0.0788    1.0170
   -1.3701   -0.2033    0.7983
   -1.3576    0.3440    0.8071
   -1.8132    0.0788    1.0170
   -1.7671    0.5601    1.0256
   -1.8132    0.0788    1.0170
   -1.3576    0.3440    0.8071
   -2.2400    0.5621    1.2048
   -2.7302    0.3631    1.2874
   -2.2581   -0.0054    1.1970
   -2.7465   -0.1991    1.2740
   -2.2581   -0.0054    1.1970
   -2.7302    0.3631    1.2874
   -2.7302    0.3631    1.2874
   -2.2400    0.5621    1.2048
   -2.7588    0.9336    1.2693
   -3.1487   -0.4198    1.1838
   -2.7465   -0.1991    1.2740
   -3.1998    0.1177    1.1736
   -3.1998    0.1177    1.1736
   -2.7302    0.3631    1.2874
   -3.2106    0.6730    1.1235
   -2.7302    0.3631    1.2874
   -3.1998    0.1177    1.1736
   -2.7465   -0.1991    1.2740
   -0.4310   -0.0544    0.4484
   -0.8666   -0.4170    0.6192
   -0.3496   -0.6102    0.5293
    0.0878   -0.2226    0.4249
   -0.4310   -0.0544    0.4484
   -0.3496   -0.6102    0.5293
    0.1438   -0.7243    0.5426
    0.0878   -0.2226    0.4249
   -0.3496   -0.6102    0.5293
   -0.3496   -0.6102    0.5293
   -0.1213   -1.1543    0.6974
    0.1438   -0.7243    0.5426
   -0.5987   -1.4686    0.9038
   -0.1213   -1.1543    0.6974
   -0.7292   -0.9655    0.7121
   -0.7292   -0.9655    0.7121
   -0.8666   -0.4170    0.6192
   -1.2839   -0.7409    0.8541
   -0.1213   -1.1543    0.6974
   -0.3496   -0.6102    0.5293
   -0.7292   -0.9655    0.7121
   -0.7292   -0.9655    0.7121
   -0.3496   -0.6102    0.5293
   -0.8666   -0.4170    0.6192
    1.4275   -3.3289    0.8090
    1.6813   -3.4809    0.3112
    1.9588   -3.1621    0.6535
    1.9588   -3.1621    0.6535
    1.7249   -2.9522    1.0130
    1.4275   -3.3289    0.8090
    1.4275   -3.3289    0.8090
    1.2855   -2.9318    1.1810
    0.8683   -3.3435    0.9910
    1.7249   -2.9522    1.0130
    1.2855   -2.9318    1.1810
    1.4275   -3.3289    0.8090
    1.8484   -3.4135   -0.2334
    1.6813   -3.4809    0.3112
    1.3427   -3.6772   -0.0772
    2.6206   -2.9010    0.0548
    2.1767   -3.2256    0.1658
    2.3230   -3.0775   -0.3479
    2.3230   -3.0775   -0.3479
    1.9489   -3.1314   -0.7211
    2.3798   -2.7412   -0.7878
    1.9588   -3.1621    0.6535
    1.6813   -3.4809    0.3112
    2.1767   -3.2256    0.1658
    1.9588   -3.1621    0.6535
    2.1767   -3.2256    0.1658
    2.3999   -2.8967    0.5687
    2.1767   -3.2256    0.1658
    2.6206   -2.9010    0.0548
    2.3999   -2.8967    0.5687
    2.1767   -3.2256    0.1658
    1.6813   -3.4809    0.3112
    1.8484   -3.4135   -0.2334
    1.9489   -3.1314   -0.7211
    2.3230   -3.0775   -0.3479
    1.8484   -3.4135   -0.2334
    1.8484   -3.4135   -0.2334
    2.3230   -3.0775   -0.3479
    2.1767   -3.2256    0.1658
    0.5064   -3.6280   -0.7490
    0.4278   -3.8576   -0.2466
   -0.0212   -3.7576   -0.6044
   -0.2719   -3.6865    0.7176
   -0.4311   -3.8746    0.2072
    0.1971   -3.8556    0.3517
   -0.2719   -3.6865    0.7176
    0.1971   -3.8556    0.3517
    0.2482   -3.5390    0.8965
    0.1971   -3.8556    0.3517
   -0.4311   -3.8746    0.2072
   -0.0594   -3.8979   -0.1130
   -0.0594   -3.8979   -0.1130
    0.4278   -3.8576   -0.2466
    0.1971   -3.8556    0.3517
    0.1971   -3.8556    0.3517
    0.4278   -3.8576   -0.2466
    0.7967   -3.8160    0.1029
    0.7967   -3.8160    0.1029
    0.6519   -3.6884    0.6088
    0.1971   -3.8556    0.3517
   -1.4802   -3.5601   -0.3342
   -1.0085   -3.6073   -0.6224
   -0.9781   -3.7917   -0.0717
   -0.9781   -3.7917   -0.0717
   -0.5319   -3.8150   -0.3688
   -0.4311   -3.8746    0.2072
   -0.5319   -3.8150   -0.3688
   -0.9781   -3.7917   -0.0717
   -1.0085   -3.6073   -0.6224
   -0.5319   -3.8150   -0.3688
   -1.0085   -3.6073   -0.6224
   -0.5020   -3.5557   -0.8567
   -0.5319   -3.8150   -0.3688
   -0.0212   -3.7576   -0.6044
   -0.0594   -3.8979   -0.1130
   -0.5020   -3.5557   -0.8567
   -0.0212   -3.7576   -0.6044
   -0.5319   -3.8150   -0.3688
   -2.3392   -2.7723   -0.7994
   -1.9592   -3.2332   -0.5537
   -2.4542   -2.9631   -0.4097
   -1.0085   -3.6073   -0.6224
   -1.4802   -3.5601   -0.3342
   -1.4547   -3.2917   -0.8370
   -1.4547   -3.2917   -0.8370
   -1.9592   -3.2332   -0.5537
   -1.8391   -2.8959   -1.0092
   -1.9592   -3.2332   -0.5537
   -1.4547   -3.2917   -0.8370
   -1.4802   -3.5601   -0.3342
   -1.4802   -3.5601   -0.3342
   -1.8641   -3.4297    0.0285
   -1.9592   -3.2332   -0.5537
   -2.2498   -3.2018   -0.0892
   -1.9592   -3.2332   -0.5537
   -1.8641   -3.4297    0.0285
    1.7460   -2.4974    1.2384
    1.2504   -2.3799    1.2881
    1.2855   -2.9318    1.1810
    1.7460   -2.4974    1.2384
    1.6639   -1.9866    1.2727
    1.2504   -2.3799    1.2881
    0.8260   -2.7916    1.2771
    1.2855   -2.9318    1.1810
    1.2504   -2.3799    1.2881
    1.7460   -2.4974    1.2384
    1.2855   -2.9318    1.1810
    1.7249   -2.9522    1.0130
   -0.2210   -3.2335    1.1475
    0.3817   -3.1101    1.1999
    0.0033   -2.7873    1.2855
   -0.7300   -2.9435    1.2326
   -0.2210   -3.2335    1.1475
   -0.4168   -2.5930    1.2807
   -0.2210   -3.2335    1.1475
   -0.7125   -3.4390    0.9411
   -0.2719   -3.6865    0.7176
   -0.7300   -2.9435    1.2326
   -0.7125   -3.4390    0.9411
   -0.2210   -3.2335    1.1475
    2.9452    1.3603   -1.1493
    2.5980    0.8963   -1.2864
    2.4750    1.3895   -1.2806
    3.6140    0.2684   -0.7968
    3.7420   -0.1438   -0.6263
    3.3752   -0.1744   -1.0549
    2.9452    1.3603   -1.1493
    3.1511    0.8426   -1.1448
    2.5980    0.8963   -1.2864
    2.7438   -0.8243   -1.2833
    2.8731   -0.2244   -1.2702
    3.2142   -0.7136   -1.1240
    3.2420    0.3179   -1.1343
    2.7494    0.3927   -1.2910
    3.1511    0.8426   -1.1448
    2.8731   -0.2244   -1.2702
    2.7494    0.3927   -1.2910
    3.2420    0.3179   -1.1343
    3.7420   -0.1438   -0.6263
    3.7971   -0.6204   -0.3978
    3.5677   -0.5844   -0.8234
    3.3752   -0.1744   -1.0549
    3.2142   -0.7136   -1.1240
    2.8731   -0.2244   -1.2702
    2.0028   -2.6747   -1.0908
    2.3853   -2.2468   -1.1267
    2.3798   -2.7412   -0.7878
   -0.2721    2.2945   -1.2232
    0.0249    2.7461   -1.2835
    0.2708    2.2182   -1.1820
   -0.2721    2.2945   -1.2232
   -0.4971    2.8166   -1.2860
    0.0249    2.7461   -1.2835
   -1.3377    2.3562   -1.2819
   -1.8731    2.3680   -1.2516
   -1.5572    2.8390   -1.1575
    1.0213    1.3815   -0.9587
    1.2001    0.8752   -0.8651
    0.6082    1.1240   -0.7473
    2.1508    0.5335   -1.1834
    1.5953    0.4045   -0.9345
    1.6899    0.8684   -1.0645
    1.5953    0.4045   -0.9345
    1.1113    0.2602   -0.7011
    1.2001    0.8752   -0.8651
    0.7912    0.6181   -0.6284
    1.2001    0.8752   -0.8651
    1.1113    0.2602   -0.7011
    2.7494    0.3927   -1.2910
    2.8731   -0.2244   -1.2702
    2.4068    0.0200   -1.2464
    2.7438   -0.8243   -1.2833
    2.2790   -0.5170   -1.2317
    2.8731   -0.2244   -1.2702
   -0.0061    1.0604   -0.6543
    0.3232    0.6331   -0.5165
   -0.2066    0.6735   -0.5140
   -0.3586    1.4147   -0.8414
   -0.0061    1.0604   -0.6543
   -0.6436    0.9394   -0.6867
    1.0213    1.3815   -0.9587
    0.6082    1.1240   -0.7473
    0.5886    1.7360   -1.0305
    0.6082    1.1240   -0.7473
   -0.0061    1.0604   -0.6543
    0.2072    1.4481   -0.8426
    0.2708    2.2182   -1.1820
    0.5886    1.7360   -1.0305
   -0.0270    1.8350   -1.0300
    0.2072    1.4481   -0.8426
   -0.0061    1.0604   -0.6543
   -0.3586    1.4147   -0.8414
   -0.8979    1.3967   -0.9520
   -1.2313    0.9683   -0.8864
   -1.4499    1.4158   -1.1196
   -1.4499    1.4158   -1.1196
   -1.2313    0.9683   -0.8864
   -1.7766    0.9784   -1.1207
   -1.8397   -0.0055   -1.0241
   -2.0790    0.5362   -1.1667
   -1.5679    0.5035   -0.9294
   -1.5679    0.5035   -0.9294
   -1.7766    0.9784   -1.1207
   -1.2313    0.9683   -0.8864
   -2.8722   -1.7710   -1.0630
   -2.3872   -1.8823   -1.2433
   -2.6533   -2.3004   -0.9285
   -2.1649   -2.4232   -1.1415
   -2.6533   -2.3004   -0.9285
   -2.3872   -1.8823   -1.2433
   -2.4542   -2.9631   -0.4097
   -2.8228   -2.5926   -0.4379
   -2.3392   -2.7723   -0.7994
   -3.2239   -0.7991   -1.1003
   -2.7318   -0.7510   -1.2756
   -3.0455   -1.2564   -1.1290
   -3.0455   -1.2564   -1.1290
   -3.4838   -1.0693   -0.7673
   -3.2239   -0.7991   -1.1003
   -3.8222   -0.2497   -0.4494
   -3.5805   -0.5061   -0.8301
   -3.7676   -0.7910   -0.3738
   -3.7676   -0.7910   -0.3738
   -3.8763   -0.4616    0.0729
   -3.8222   -0.2497   -0.4494
   -3.7998    0.2355   -0.4789
   -3.8580    0.6207   -0.1411
   -3.6431    0.6353   -0.7119
   -3.6959    1.0528   -0.3707
   -3.6431    0.6353   -0.7119
   -3.8580    0.6207   -0.1411
   -3.4033    1.1053   -0.8796
   -3.4845    1.5173   -0.5271
   -3.0994    1.5682   -0.9705
   -3.6959    1.0528   -0.3707
   -3.6496    1.4081    0.0013
   -3.4845    1.5173   -0.5271
   -3.5422    0.0771   -0.9101
   -3.6431    0.6353   -0.7119
   -3.2669    0.6186   -1.1064
   -3.1071    0.1807   -1.2092
   -3.5422    0.0771   -0.9101
   -3.2669    0.6186   -1.1064
   -3.4845    1.5173   -0.5271
   -3.4033    1.1053   -0.8796
   -3.6959    1.0528   -0.3707
   -3.1907    2.2663   -0.1004
   -3.2240    1.9512   -0.5785
   -3.4499    1.8187   -0.0369
   -3.1701    1.2513    1.0320
   -3.5552    0.9137    0.7458
   -3.2106    0.6730    1.1235
   -3.5321   -0.2431    0.9036
   -3.1998    0.1177    1.1736
   -3.5821    0.3323    0.8543
   -3.1487   -0.4198    1.1838
   -3.1998    0.1177    1.1736
   -3.5321   -0.2431    0.9036
   -3.1701    1.2513    1.0320
   -3.2106    0.6730    1.1235
   -2.7588    0.9336    1.2693
    0.9763   -0.3120   -0.6487
    1.1113    0.2602   -0.7011
    1.4540   -0.1287   -0.8375
   -0.5020   -3.5557   -0.8567
   -1.0085   -3.6073   -0.6224
   -0.9324   -3.2526   -1.0674
   -0.7755   -2.7294   -1.2882
   -0.4042   -3.1170   -1.1936
   -0.9324   -3.2526   -1.0674
   -0.9324   -3.2526   -1.0674
   -1.0085   -3.6073   -0.6224
   -1.4547   -3.2917   -0.8370
   -0.5020   -3.5557   -0.8567
   -0.9324   -3.2526   -1.0674
   -0.4042   -3.1170   -1.1936
   -1.8391   -2.8959   -1.0092
   -1.3059   -2.8603   -1.1903
   -1.4547   -3.2917   -0.8370
   -0.9324   -3.2526   -1.0674
   -1.3059   -2.8603   -1.1903
   -0.7755   -2.7294   -1.2882
   -1.1150   -2.3057   -1.2778
   -1.3059   -2.8603   -1.1903
   -1.6326   -2.4343   -1.2637
   -0.7755   -2.7294   -1.2882
   -1.3059   -2.8603   -1.1903
   -1.1150   -2.3057   -1.2778
    3.8544    0.5304    0.2565
    3.7995    0.7991   -0.2075
    3.7237    1.1203    0.2405
    3.0802    1.8212   -0.8627
    3.4055    1.7367   -0.4729
    3.3633    1.2901   -0.8340
    2.7542    2.2738   -0.8590
    3.1097    2.2499   -0.4367
    3.0802    1.8212   -0.8627
    3.8592    0.3128   -0.2974
    3.7995    0.7991   -0.2075
    3.8544    0.5304    0.2565
    3.3633    1.2901   -0.8340
    3.6449    1.2243   -0.3801
    3.5962    0.7516   -0.7495
    3.4055    1.7367   -0.4729
    3.6449    1.2243   -0.3801
    3.3633    1.2901   -0.8340
    3.7971   -0.6204   -0.3978
    3.8853   -0.1963   -0.1524
    3.8516   -0.5936    0.2071
    3.6449    1.2243   -0.3801
    3.7237    1.1203    0.2405
    3.7995    0.7991   -0.2075
    3.8544    0.5304    0.2565
    3.8707   -0.0144    0.2737
    3.8592    0.3128   -0.2974
    3.7995    0.7991   -0.2075
    3.5962    0.7516   -0.7495
    3.6449    1.2243   -0.3801
    3.1511    0.8426   -1.1448
    3.5962    0.7516   -0.7495
    3.2420    0.3179   -1.1343
    3.3633    1.2901   -0.8340
    3.5962    0.7516   -0.7495
    3.1511    0.8426   -1.1448
   -2.2567   -3.1002    0.3936
   -1.7891   -3.3266    0.5584
   -2.1110   -2.9018    0.8501
   -2.6462   -2.8666    0.0751
   -2.2567   -3.1002    0.3936
   -2.6085   -2.6698    0.6213
   -1.6181   -3.0645    0.9916
   -2.1110   -2.9018    0.8501
   -1.7891   -3.3266    0.5584
   -1.2646   -2.7070    1.2472
   -0.7300   -2.9435    1.2326
   -0.8864   -2.3593    1.2594
   -0.4168   -2.5930    1.2807
   -0.8864   -2.3593    1.2594
   -0.7300   -2.9435    1.2326
   -1.1422   -1.2757    0.9580
   -1.0067   -1.7977    1.1340
   -0.5987   -1.4686    0.9038
   -1.1422   -1.2757    0.9580
   -0.7292   -0.9655    0.7121
   -1.2839   -0.7409    0.8541
   -0.5987   -1.4686    0.9038
   -0.7292   -0.9655    0.7121
   -1.1422   -1.2757    0.9580
   -2.9157   -1.7770    1.0223
   -2.6104   -1.3578    1.2576
   -3.1370   -1.2803    1.0519
   -3.1370   -1.2803    1.0519
   -2.8116   -0.8263    1.2752
   -3.3709   -0.8048    0.9895
   -2.7465   -0.1991    1.2740
   -3.1487   -0.4198    1.1838
   -2.8116   -0.8263    1.2752
   -3.1487   -0.4198    1.1838
   -3.3709   -0.8048    0.9895
   -2.8116   -0.8263    1.2752
   -3.2106    0.6730    1.1235
   -3.5821    0.3323    0.8543
   -3.1998    0.1177    1.1736
   -3.7132   -0.6463    0.5684
   -3.5321   -0.2431    0.9036
   -3.7959   -0.0749    0.4926
   -2.9157   -1.7770    1.0223
   -3.1370   -1.2803    1.0519
   -3.3129   -1.6923    0.6723
    1.4491   -3.4491   -0.6166
    1.9489   -3.1314   -0.7211
    1.8484   -3.4135   -0.2334
    0.9535   -3.6956   -0.4706
    1.4491   -3.4491   -0.6166
    1.3427   -3.6772   -0.0772
    1.1589   -3.6326    0.4904
    1.3427   -3.6772   -0.0772
    1.6813   -3.4809    0.3112
    0.8683   -3.3435    0.9910
    0.6519   -3.6884    0.6088
    1.1589   -3.6326    0.4904
    1.1589   -3.6326    0.4904
    0.6519   -3.6884    0.6088
    0.7967   -3.8160    0.1029
    0.7967   -3.8160    0.1029
    1.3427   -3.6772   -0.0772
    1.1589   -3.6326    0.4904
    1.1589   -3.6326    0.4904
    1.4275   -3.3289    0.8090
    0.8683   -3.3435    0.9910
    1.6813   -3.4809    0.3112
    1.4275   -3.3289    0.8090
    1.1589   -3.6326    0.4904
    3.0032   -2.4868   -0.0494
    2.6206   -2.9010    0.0548
    2.7463   -2.6695   -0.4255
    3.5250   -1.6237    0.2495
    3.2368   -1.8089    0.6782
    3.3248   -2.0668    0.0765
    3.1134   -2.2417    0.3889
    2.7907   -2.6096    0.4496
    3.0032   -2.4868   -0.0494
    2.6206   -2.9010    0.0548
    3.0032   -2.4868   -0.0494
    2.7907   -2.6096    0.4496
    0.1162   -2.9569   -1.2575
   -0.2449   -2.5709   -1.2772
    0.2918   -2.4397   -1.2478
    0.2918   -2.4397   -1.2478
    0.6612   -2.8661   -1.2670
    0.1162   -2.9569   -1.2575
    2.2298   -2.1234    1.2243
    1.7460   -2.4974    1.2384
    2.1570   -2.7017    1.0045
    2.0099   -1.6305    1.2802
    2.2298   -2.1234    1.2243
    2.4924   -1.5323    1.2644
    2.0099   -1.6305    1.2802
    1.6639   -1.9866    1.2727
    2.2298   -2.1234    1.2243
    2.3999   -2.8967    0.5687
    2.5528   -2.4453    0.9237
    2.1570   -2.7017    1.0045
    1.7249   -2.9522    1.0130
    2.1570   -2.7017    1.0045
    1.7460   -2.4974    1.2384
    1.6639   -1.9866    1.2727
    1.7460   -2.4974    1.2384
    2.2298   -2.1234    1.2243
    0.3817   -3.1101    1.1999
   -0.2210   -3.2335    1.1475
    0.2482   -3.5390    0.8965
    0.2482   -3.5390    0.8965
    0.6519   -3.6884    0.6088
    0.8683   -3.3435    0.9910
    0.8683   -3.3435    0.9910
    0.3817   -3.1101    1.1999
    0.2482   -3.5390    0.8965
    0.6519   -3.6884    0.6088
    0.2482   -3.5390    0.8965
    0.1971   -3.8556    0.3517
    0.2482   -3.5390    0.8965
   -0.2210   -3.2335    1.1475
   -0.2719   -3.6865    0.7176
    2.2790   -0.5170   -1.2317
    2.7438   -0.8243   -1.2833
    2.2638   -1.1126   -1.2648
    3.2142   -0.7136   -1.1240
    3.1288   -1.2632   -1.0730
    2.7438   -0.8243   -1.2833
    2.8694   -1.8519   -1.0199
    3.1288   -1.2632   -1.0730
    3.3047   -1.6295   -0.7264
    3.5677   -0.5844   -0.8234
    3.5277   -1.0795   -0.7157
    3.2142   -0.7136   -1.1240
    3.3047   -1.6295   -0.7264
    3.4114   -1.8198   -0.2779
    3.1208   -2.1704   -0.5150
    3.3047   -1.6295   -0.7264
    3.1208   -2.1704   -0.5150
    2.8694   -1.8519   -1.0199
    1.5970   -2.5753   -1.2499
    1.2996   -2.2154   -1.2734
    1.8783   -2.0912   -1.2902
    2.3255   -1.7239   -1.2700
    2.3853   -2.2468   -1.1267
    1.8783   -2.0912   -1.2902
   -2.0652    2.7725   -0.9867
   -1.5572    2.8390   -1.1575
   -1.8731    2.3680   -1.2516
   -1.6745    1.8857   -1.2570
   -1.8731    2.3680   -1.2516
   -1.3377    2.3562   -1.2819
   -2.2493    1.9352   -1.2615
   -2.3810    2.3789   -1.0711
   -1.8731    2.3680   -1.2516
   -2.3810    2.3789   -1.0711
   -2.5763    2.6578   -0.6952
   -2.0652    2.7725   -0.9867
   -2.9482    2.3597   -0.5692
   -2.5763    2.6578   -0.6952
   -2.7811    2.0624   -0.9837
   -2.3810    2.3789   -1.0711
   -2.7811    2.0624   -0.9837
   -2.5763    2.6578   -0.6952
   -1.9188   -1.4626   -1.2466
   -2.5242   -1.3432   -1.2860
   -2.1879   -0.9481   -1.2242
   -1.9191   -1.9942   -1.2799
   -2.3872   -1.8823   -1.2433
   -1.9188   -1.4626   -1.2466
   -2.2975   -0.3942   -1.2156
   -2.7318   -0.7510   -1.2756
   -2.7312   -0.1335   -1.2888
   -2.5242   -1.3432   -1.2860
   -3.0455   -1.2564   -1.1290
   -2.7318   -0.7510   -1.2756
   -1.6469   -0.9849   -1.0711
   -2.1879   -0.9481   -1.2242
   -1.8804   -0.5365   -1.0839
   -3.1936   -0.3279   -1.1757
   -2.7312   -0.1335   -1.2888
   -2.7318   -0.7510   -1.2756
   -2.3180    0.1250   -1.2167
   -2.2975   -0.3942   -1.2156
   -2.7312   -0.1335   -1.2888
   -3.2239   -0.7991   -1.1003
   -3.1936   -0.3279   -1.1757
   -2.7318   -0.7510   -1.2756
   -3.5805   -0.5061   -0.8301
   -3.5422    0.0771   -0.9101
   -3.1936   -0.3279   -1.1757
   -3.4838   -1.0693   -0.7673
   -3.7676   -0.7910   -0.3738
   -3.5805   -0.5061   -0.8301
   -2.0652    2.7725   -0.9867
   -1.8731    2.3680   -1.2516
   -2.3810    2.3789   -1.0711
   -2.0227    1.4465   -1.2525
   -2.2493    1.9352   -1.2615
   -1.6745    1.8857   -1.2570
   -2.6086    1.5322   -1.2413
   -2.7811    2.0624   -0.9837
   -2.2493    1.9352   -1.2615
   -2.3810    2.3789   -1.0711
   -2.2493    1.9352   -1.2615
   -2.7811    2.0624   -0.9837
   -2.6868    0.5164   -1.2772
   -2.7312   -0.1335   -1.2888
   -3.1071    0.1807   -1.2092
    2.4068    0.0200   -1.2464
    2.1508    0.5335   -1.1834
    2.7494    0.3927   -1.2910
    2.0670    1.1156   -1.2275
    2.5980    0.8963   -1.2864
    2.1508    0.5335   -1.1834
    1.6899    0.8684   -1.0645
    2.0670    1.1156   -1.2275
    2.1508    0.5335   -1.1834
    1.2001    0.8752   -0.8651
    1.6899    0.8684   -1.0645
    1.5953    0.4045   -0.9345
    2.5980    0.8963   -1.2864
    2.7494    0.3927   -1.2910
    2.1508    0.5335   -1.1834
    1.9509    0.0064   -1.0709
    2.1508    0.5335   -1.1834
    2.4068    0.0200   -1.2464
    1.5953    0.4045   -0.9345
    2.1508    0.5335   -1.1834
    1.9509    0.0064   -1.0709
    1.4540   -0.1287   -0.8375
    1.9509    0.0064   -1.0709
    1.7905   -0.4630   -1.0421
    1.9509    0.0064   -1.0709
    1.4540   -0.1287   -0.8375
    1.5953    0.4045   -0.9345
    1.1113    0.2602   -0.7011
    1.5953    0.4045   -0.9345
    1.4540   -0.1287   -0.8375
   -1.0442    0.5186   -0.6993
   -1.5679    0.5035   -0.9294
   -1.2313    0.9683   -0.8864
   -0.2066    0.6735   -0.5140
   -0.6436    0.9394   -0.6867
   -0.0061    1.0604   -0.6543
   -0.6436    0.9394   -0.6867
   -0.8979    1.3967   -0.9520
   -0.3586    1.4147   -0.8414
   -1.2313    0.9683   -0.8864
   -0.8979    1.3967   -0.9520
   -0.6436    0.9394   -0.6867
   -0.6436    0.9394   -0.6867
   -1.0442    0.5186   -0.6993
   -1.2313    0.9683   -0.8864
   -0.0270    1.8350   -1.0300
    0.2072    1.4481   -0.8426
   -0.3586    1.4147   -0.8414
   -0.8979    1.3967   -0.9520
   -0.5828    1.8549   -1.0754
   -0.3586    1.4147   -0.8414
   -0.0270    1.8350   -1.0300
   -0.2721    2.2945   -1.2232
    0.2708    2.2182   -1.1820
    0.2072    1.4481   -0.8426
   -0.0270    1.8350   -1.0300
    0.5886    1.7360   -1.0305
   -0.5828    1.8549   -1.0754
   -0.8053    2.3362   -1.2494
   -0.2721    2.2945   -1.2232
   -2.0227    1.4465   -1.2525
   -1.7766    0.9784   -1.1207
   -2.3604    1.0037   -1.2707
   -2.2493    1.9352   -1.2615
   -2.0227    1.4465   -1.2525
   -2.6086    1.5322   -1.2413
   -1.8731    2.3680   -1.2516
   -1.6745    1.8857   -1.2570
   -2.2493    1.9352   -1.2615
   -1.7766    0.9784   -1.1207
   -2.0227    1.4465   -1.2525
   -1.4499    1.4158   -1.1196
   -1.6745    1.8857   -1.2570
   -1.4499    1.4158   -1.1196
   -2.0227    1.4465   -1.2525
   -0.8731    0.0333   -0.5759
   -0.9744   -0.4241   -0.6484
   -1.3327    0.0347   -0.7909
   -1.3327    0.0347   -0.7909
   -1.4640   -0.4646   -0.8697
   -1.8397   -0.0055   -1.0241
   -1.3327    0.0347   -0.7909
   -1.0442    0.5186   -0.6993
   -0.8731    0.0333   -0.5759
   -1.5679    0.5035   -0.9294
   -1.0442    0.5186   -0.6993
   -1.3327    0.0347   -0.7909
   -2.3872   -1.8823   -1.2433
   -2.8722   -1.7710   -1.0630
   -2.5242   -1.3432   -1.2860
   -3.4838   -1.0693   -0.7673
   -3.0455   -1.2564   -1.1290
   -3.3035   -1.5788   -0.7447
   -3.5805   -0.5061   -0.8301
   -3.2239   -0.7991   -1.1003
   -3.4838   -1.0693   -0.7673
   -3.8164    0.4925    0.4037
   -3.7521    1.0107    0.2428
   -3.8580    0.6207   -0.1411
   -3.7959   -0.0749    0.4926
   -3.9071    0.0877    0.0082
   -3.8763   -0.4616    0.0729
   -3.9071    0.0877    0.0082
   -3.7998    0.2355   -0.4789
   -3.8222   -0.2497   -0.4494
   -3.8164    0.4925    0.4037
   -3.8580    0.6207   -0.1411
   -3.9071    0.0877    0.0082
   -3.7593   -1.0121    0.1405
   -3.5823   -1.5408    0.1968
   -3.5487   -1.1894    0.6401
   -3.7959   -0.0749    0.4926
   -3.8164    0.4925    0.4037
   -3.9071    0.0877    0.0082
   -3.5487   -1.1894    0.6401
   -3.7132   -0.6463    0.5684
   -3.7593   -1.0121    0.1405
   -3.5821    0.3323    0.8543
   -3.8164    0.4925    0.4037
   -3.7959   -0.0749    0.4926
   -3.7593   -1.0121    0.1405
   -3.7132   -0.6463    0.5684
   -3.8763   -0.4616    0.0729
   -3.8763   -0.4616    0.0729
   -3.7676   -0.7910   -0.3738
   -3.7593   -1.0121    0.1405
   -3.7998    0.2355   -0.4789
   -3.9071    0.0877    0.0082
   -3.8580    0.6207   -0.1411
   -3.5552    0.9137    0.7458
   -3.7521    1.0107    0.2428
   -3.8164    0.4925    0.4037
   -3.5821    0.3323    0.8543
   -3.7959   -0.0749    0.4926
   -3.5321   -0.2431    0.9036
    1.7938   -0.9465   -1.1007
    1.2834   -1.2606   -1.0090
    1.3406   -0.6937   -0.8763
   -0.0161    0.2017   -0.4127
   -0.2066    0.6735   -0.5140
    0.3232    0.6331   -0.5165
    0.5792    0.0854   -0.4759
    0.7912    0.6181   -0.6284
    1.1113    0.2602   -0.7011
    1.1113    0.2602   -0.7011
    0.9763   -0.3120   -0.6487
    0.5792    0.0854   -0.4759
    0.3232    0.6331   -0.5165
    0.7912    0.6181   -0.6284
    0.5792    0.0854   -0.4759
    0.5792    0.0854   -0.4759
   -0.0161    0.2017   -0.4127
    0.3232    0.6331   -0.5165
    0.8720   -0.8986   -0.7494
    1.2834   -1.2606   -1.0090
    0.7024   -1.4099   -0.8911
    0.7024   -1.4099   -0.8911
    0.3251   -1.0616   -0.6802
    0.8720   -0.8986   -0.7494
    0.7024   -1.4099   -0.8911
    0.1406   -1.5526   -0.8957
    0.3251   -1.0616   -0.6802
   -0.2355   -1.1965   -0.7321
    0.3251   -1.0616   -0.6802
    0.1406   -1.5526   -0.8957
    0.8720   -0.8986   -0.7494
    0.3251   -1.0616   -0.6802
    0.5066   -0.5419   -0.5248
   -1.9188   -1.4626   -1.2466
   -1.3278   -1.3887   -1.0634
   -1.4606   -1.8736   -1.2252
   -1.4606   -1.8736   -1.2252
   -1.9191   -1.9942   -1.2799
   -1.9188   -1.4626   -1.2466
   -1.4606   -1.8736   -1.2252
   -1.6326   -2.4343   -1.2637
   -1.9191   -1.9942   -1.2799
   -1.4606   -1.8736   -1.2252
   -1.1150   -2.3057   -1.2778
   -1.6326   -2.4343   -1.2637
   -0.5899   -2.1759   -1.2037
   -0.2449   -2.5709   -1.2772
   -0.7755   -2.7294   -1.2882
   -0.7755   -2.7294   -1.2882
   -1.1150   -2.3057   -1.2778
   -0.5899   -2.1759   -1.2037
   -0.7300   -2.9435    1.2326
   -1.2646   -2.7070    1.2472
   -1.1300   -3.1649    1.0771
   -1.1300   -3.1649    1.0771
   -0.7125   -3.4390    0.9411
   -0.7300   -2.9435    1.2326
   -1.2693   -3.4522    0.7165
   -0.7125   -3.4390    0.9411
   -1.1300   -3.1649    1.0771
   -1.1300   -3.1649    1.0771
   -1.6181   -3.0645    0.9916
   -1.2693   -3.4522    0.7165
   -1.0067   -1.7977    1.1340
   -1.1422   -1.2757    0.9580
   -1.5285   -1.6213    1.1832
   -2.3488   -0.5083    1.2374
   -2.8116   -0.8263    1.2752
   -2.2061   -0.9638    1.2308
   -2.8116   -0.8263    1.2752
   -3.1370   -1.2803    1.0519
   -2.6104   -1.3578    1.2576
   -2.2061   -0.9638    1.2308
   -2.6104   -1.3578    1.2576
   -2.0496   -1.4800    1.2630
    2.3798   -2.7412   -0.7878
    1.9489   -3.1314   -0.7211
    2.0028   -2.6747   -1.0908
    1.9489   -3.1314   -0.7211
    1.4491   -3.4491   -0.6166
    1.5296   -3.0621   -1.0164
   -0.0594   -3.8979   -0.1130
   -0.0212   -3.7576   -0.6044
    0.4278   -3.8576   -0.2466
    0.9535   -3.6956   -0.4706
    1.3427   -3.6772   -0.0772
    0.7967   -3.8160    0.1029
    1.8484   -3.4135   -0.2334
    1.3427   -3.6772   -0.0772
    1.4491   -3.4491   -0.6166
    0.7967   -3.8160    0.1029
    0.4278   -3.8576   -0.2466
    0.9535   -3.6956   -0.4706
    0.4278   -3.8576   -0.2466
    0.5064   -3.6280   -0.7490
    0.9535   -3.6956   -0.4706
    2.6206   -2.9010    0.0548
    2.3230   -3.0775   -0.3479
    2.7463   -2.6695   -0.4255
    2.3798   -2.7412   -0.7878
    2.7463   -2.6695   -0.4255
    2.3230   -3.0775   -0.3479
    2.3798   -2.7412   -0.7878
    2.7526   -2.3375   -0.8172
    2.7463   -2.6695   -0.4255
    2.7463   -2.6695   -0.4255
    3.1208   -2.1704   -0.5150
    3.0032   -2.4868   -0.0494
    3.3248   -2.0668    0.0765
    3.1208   -2.1704   -0.5150
    3.4114   -1.8198   -0.2779
    3.3248   -2.0668    0.0765
    3.0032   -2.4868   -0.0494
    3.1208   -2.1704   -0.5150
    0.6612   -2.8661   -1.2670
    0.8066   -2.3256   -1.2451
    1.1385   -2.7924   -1.2558
    0.6612   -2.8661   -1.2670
    0.2918   -2.4397   -1.2478
    0.8066   -2.3256   -1.2451
    0.2918   -2.4397   -1.2478
    0.4737   -1.9179   -1.0929
    0.8066   -2.3256   -1.2451
    1.4674   -1.7427   -1.2013
    1.2996   -2.2154   -1.2734
    0.9863   -1.7872   -1.1102
    3.1288   -1.2632   -1.0730
    2.8694   -1.8519   -1.0199
    2.6933   -1.3794   -1.2330
    2.7526   -2.3375   -0.8172
    2.8694   -1.8519   -1.0199
    3.1208   -2.1704   -0.5150
    3.5277   -1.0795   -0.7157
    3.3047   -1.6295   -0.7264
    3.1288   -1.2632   -1.0730
    2.3255   -1.7239   -1.2700
    2.6933   -1.3794   -1.2330
    2.8694   -1.8519   -1.0199
    2.3255   -1.7239   -1.2700
    2.8694   -1.8519   -1.0199
    2.3853   -2.2468   -1.1267
    2.7526   -2.3375   -0.8172
    2.3853   -2.2468   -1.1267
    2.8694   -1.8519   -1.0199
   -1.8804   -0.5365   -1.0839
   -1.4640   -0.4646   -0.8697
   -1.6469   -0.9849   -1.0711
   -2.2975   -0.3942   -1.2156
   -1.8804   -0.5365   -1.0839
   -2.1879   -0.9481   -1.2242
   -1.9188   -1.4626   -1.2466
   -2.1879   -0.9481   -1.2242
   -1.6469   -0.9849   -1.0711
   -1.6469   -0.9849   -1.0711
   -1.3278   -1.3887   -1.0634
   -1.9188   -1.4626   -1.2466
   -2.3180    0.1250   -1.2167
   -2.7312   -0.1335   -1.2888
   -2.6868    0.5164   -1.2772
   -2.1879   -0.9481   -1.2242
   -2.7318   -0.7510   -1.2756
   -2.2975   -0.3942   -1.2156
   -2.6868    0.5164   -1.2772
   -2.9286    1.0595   -1.2141
   -2.3604    1.0037   -1.2707
   -2.0790    0.5362   -1.1667
   -2.3604    1.0037   -1.2707
   -1.7766    0.9784   -1.1207
   -2.3604    1.0037   -1.2707
   -2.6086    1.5322   -1.2413
   -2.0227    1.4465   -1.2525
   -2.3604    1.0037   -1.2707
   -2.0790    0.5362   -1.1667
   -2.6868    0.5164   -1.2772
   -2.3180    0.1250   -1.2167
   -2.6868    0.5164   -1.2772
   -2.0790    0.5362   -1.1667
   -2.9286    1.0595   -1.2141
   -2.6868    0.5164   -1.2772
   -3.2669    0.6186   -1.1064
   -3.1936   -0.3279   -1.1757
   -3.1071    0.1807   -1.2092
   -2.7312   -0.1335   -1.2888
   -2.6086    1.5322   -1.2413
   -2.3604    1.0037   -1.2707
   -2.9286    1.0595   -1.2141
   -3.4033    1.1053   -0.8796
   -3.2669    0.6186   -1.1064
   -3.6431    0.6353   -0.7119
   -2.7811    2.0624   -0.9837
   -2.6086    1.5322   -1.2413
   -3.0994    1.5682   -0.9705
   -2.9286    1.0595   -1.2141
   -3.0994    1.5682   -0.9705
   -2.6086    1.5322   -1.2413
   -1.1205    1.8631   -1.1758
   -0.8979    1.3967   -0.9520
   -1.4499    1.4158   -1.1196
   -1.3377    2.3562   -1.2819
   -0.8053    2.3362   -1.2494
   -1.1205    1.8631   -1.1758
   -1.4499    1.4158   -1.1196
   -1.6745    1.8857   -1.2570
   -1.1205    1.8631   -1.1758
   -1.6745    1.8857   -1.2570
   -1.3377    2.3562   -1.2819
   -1.1205    1.8631   -1.1758
   -0.0270    1.8350   -1.0300
   -0.3586    1.4147   -0.8414
   -0.5828    1.8549   -1.0754
   -0.8979    1.3967   -0.9520
   -1.1205    1.8631   -1.1758
   -0.5828    1.8549   -1.0754
   -0.5828    1.8549   -1.0754
   -1.1205    1.8631   -1.1758
   -0.8053    2.3362   -1.2494
   -0.2721    2.2945   -1.2232
   -0.0270    1.8350   -1.0300
   -0.5828    1.8549   -1.0754
   -0.4971    2.8166   -1.2860
   -0.2721    2.2945   -1.2232
   -0.8053    2.3362   -1.2494
   -0.4971    2.8166   -1.2860
   -0.8053    2.3362   -1.2494
   -1.0286    2.8468   -1.2417
   -1.0286    2.8468   -1.2417
   -1.2365    3.2727   -0.9473
   -0.7005    3.2898   -1.0590
   -0.7005    3.2898   -1.0590
   -0.4971    2.8166   -1.2860
   -1.0286    2.8468   -1.2417
   -1.3377    2.3562   -1.2819
   -1.5572    2.8390   -1.1575
   -1.0286    2.8468   -1.2417
   -1.2365    3.2727   -0.9473
   -1.0286    2.8468   -1.2417
   -1.5572    2.8390   -1.1575
   -1.0286    2.8468   -1.2417
   -0.8053    2.3362   -1.2494
   -1.3377    2.3562   -1.2819
   -1.7766    0.9784   -1.1207
   -1.5679    0.5035   -0.9294
   -2.0790    0.5362   -1.1667
   -1.5679    0.5035   -0.9294
   -1.3327    0.0347   -0.7909
   -1.8397   -0.0055   -1.0241
   -1.8804   -0.5365   -1.0839
   -1.8397   -0.0055   -1.0241
   -1.4640   -0.4646   -0.8697
   -2.3180    0.1250   -1.2167
   -1.8397   -0.0055   -1.0241
   -2.2975   -0.3942   -1.2156
   -1.8804   -0.5365   -1.0839
   -2.2975   -0.3942   -1.2156
   -1.8397   -0.0055   -1.0241
   -2.0790    0.5362   -1.1667
   -1.8397   -0.0055   -1.0241
   -2.3180    0.1250   -1.2167
   -3.9071    0.0877    0.0082
   -3.8222   -0.2497   -0.4494
   -3.8763   -0.4616    0.0729
   -3.7676   -0.7910   -0.3738
   -3.4838   -1.0693   -0.7673
   -3.6248   -1.3250   -0.3165
    2.6933   -1.3794   -1.2330
    2.2638   -1.1126   -1.2648
    2.7438   -0.8243   -1.2833
    1.8414   -1.4690   -1.2290
    2.2638   -1.1126   -1.2648
    2.3255   -1.7239   -1.2700
    0.8720   -0.8986   -0.7494
    1.3406   -0.6937   -0.8763
    1.2834   -1.2606   -1.0090
    1.3406   -0.6937   -0.8763
    0.9763   -0.3120   -0.6487
    1.4540   -0.1287   -0.8375
    1.3406   -0.6937   -0.8763
    0.8720   -0.8986   -0.7494
    0.9763   -0.3120   -0.6487
    0.5066   -0.5419   -0.5248
    0.9763   -0.3120   -0.6487
    0.8720   -0.8986   -0.7494
   -0.2066    0.6735   -0.5140
   -0.0161    0.2017   -0.4127
   -0.5464    0.3570   -0.5006
   -1.0442    0.5186   -0.6993
   -0.6436    0.9394   -0.6867
   -0.5464    0.3570   -0.5006
   -0.2066    0.6735   -0.5140
   -0.5464    0.3570   -0.5006
   -0.6436    0.9394   -0.6867
   -0.8731    0.0333   -0.5759
   -1.0442    0.5186   -0.6993
   -0.5464    0.3570   -0.5006
   -0.6033   -0.7971   -0.6371
   -0.2355   -1.1965   -0.7321
   -0.7836   -1.2985   -0.8594
    0.3251   -1.0616   -0.6802
   -0.2355   -1.1965   -0.7321
   -0.0678   -0.7063   -0.5328
   -0.0161    0.2017   -0.4127
    0.5792    0.0854   -0.4759
    0.1256   -0.2456   -0.4190
    0.1256   -0.2456   -0.4190
    0.5792    0.0854   -0.4759
    0.5066   -0.5419   -0.5248
    0.9763   -0.3120   -0.6487
    0.5066   -0.5419   -0.5248
    0.5792    0.0854   -0.4759
   -1.1150   -2.3057   -1.2778
   -1.4606   -1.8736   -1.2252
   -0.9403   -1.7815   -1.1023
   -0.9403   -1.7815   -1.1023
   -0.5899   -2.1759   -1.2037
   -1.1150   -2.3057   -1.2778
   -0.9403   -1.7815   -1.1023
   -1.3278   -1.3887   -1.0634
   -0.7836   -1.2985   -0.8594
   -0.9403   -1.7815   -1.1023
   -1.4606   -1.8736   -1.2252
   -1.3278   -1.3887   -1.0634
   -1.0067   -1.7977    1.1340
   -1.5285   -1.6213    1.1832
   -1.3976   -2.1683    1.2638
   -1.2646   -2.7070    1.2472
   -0.8864   -2.3593    1.2594
   -1.3976   -2.1683    1.2638
   -1.0067   -1.7977    1.1340
   -1.3976   -2.1683    1.2638
   -0.8864   -2.3593    1.2594
   -1.2839   -0.7409    0.8541
   -1.6702   -1.0701    1.0975
   -1.1422   -1.2757    0.9580
   -1.3701   -0.2033    0.7983
   -1.8313   -0.4961    1.0479
   -1.2839   -0.7409    0.8541
   -1.5285   -1.6213    1.1832
   -1.1422   -1.2757    0.9580
   -1.6702   -1.0701    1.0975
   -2.6104   -1.3578    1.2576
   -2.9157   -1.7770    1.0223
   -2.4169   -1.8844    1.2214
   -2.6462   -2.8666    0.0751
   -2.6085   -2.6698    0.6213
   -2.9756   -2.5080    0.1827
   -2.6857   -2.2459    0.9530
   -2.6085   -2.6698    0.6213
   -2.2763   -2.4419    1.0919
    1.1385   -2.7924   -1.2558
    1.5970   -2.5753   -1.2499
    1.5296   -3.0621   -1.0164
    2.3853   -2.2468   -1.1267
    2.0028   -2.6747   -1.0908
    1.8783   -2.0912   -1.2902
    1.4674   -1.7427   -1.2013
    1.8783   -2.0912   -1.2902
    1.2996   -2.2154   -1.2734
    1.5970   -2.5753   -1.2499
    1.8783   -2.0912   -1.2902
    2.0028   -2.6747   -1.0908
    0.0102   -3.4406   -1.0157
    0.5064   -3.6280   -0.7490
   -0.0212   -3.7576   -0.6044
   -0.4042   -3.1170   -1.1936
    0.0102   -3.4406   -1.0157
   -0.5020   -3.5557   -0.8567
    0.0102   -3.4406   -1.0157
   -0.4042   -3.1170   -1.1936
    0.1162   -2.9569   -1.2575
   -0.0212   -3.7576   -0.6044
   -0.5020   -3.5557   -0.8567
    0.0102   -3.4406   -1.0157
    1.0043   -3.3228   -0.9739
    0.9535   -3.6956   -0.4706
    0.5064   -3.6280   -0.7490
    1.0043   -3.3228   -0.9739
    1.5296   -3.0621   -1.0164
    1.4491   -3.4491   -0.6166
    1.4491   -3.4491   -0.6166
    0.9535   -3.6956   -0.4706
    1.0043   -3.3228   -0.9739
   -0.5899   -2.1759   -1.2037
   -0.9403   -1.7815   -1.1023
   -0.4091   -1.6810   -0.9653
   -0.4091   -1.6810   -0.9653
   -0.9403   -1.7815   -1.1023
   -0.7836   -1.2985   -0.8594
   -0.4091   -1.6810   -0.9653
   -0.2355   -1.1965   -0.7321
    0.1406   -1.5526   -0.8957
   -0.7836   -1.2985   -0.8594
   -0.2355   -1.1965   -0.7321
   -0.4091   -1.6810   -0.9653
   -0.2449   -2.5709   -1.2772
   -0.5899   -2.1759   -1.2037
   -0.0569   -2.0486   -1.1242
   -0.0569   -2.0486   -1.1242
    0.2918   -2.4397   -1.2478
   -0.2449   -2.5709   -1.2772
   -0.0569   -2.0486   -1.1242
    0.4737   -1.9179   -1.0929
    0.2918   -2.4397   -1.2478
   -0.5899   -2.1759   -1.2037
   -0.4091   -1.6810   -0.9653
   -0.0569   -2.0486   -1.1242
    0.1406   -1.5526   -0.8957
    0.4737   -1.9179   -1.0929
   -0.0569   -2.0486   -1.1242
   -0.0569   -2.0486   -1.1242
   -0.4091   -1.6810   -0.9653
    0.1406   -1.5526   -0.8957
    0.9863   -1.7872   -1.1102
    1.2834   -1.2606   -1.0090
    1.4674   -1.7427   -1.2013
    0.8066   -2.3256   -1.2451
    0.9863   -1.7872   -1.1102
    1.2996   -2.2154   -1.2734
    0.9863   -1.7872   -1.1102
    0.8066   -2.3256   -1.2451
    0.4737   -1.9179   -1.0929
    0.9863   -1.7872   -1.1102
    0.7024   -1.4099   -0.8911
    1.2834   -1.2606   -1.0090
    0.1406   -1.5526   -0.8957
    0.7024   -1.4099   -0.8911
    0.4737   -1.9179   -1.0929
    0.9863   -1.7872   -1.1102
    0.4737   -1.9179   -1.0929
    0.7024   -1.4099   -0.8911
   -1.1420   -0.9084   -0.8322
   -1.6469   -0.9849   -1.0711
   -1.4640   -0.4646   -0.8697
   -1.1420   -0.9084   -0.8322
   -0.6033   -0.7971   -0.6371
   -0.7836   -1.2985   -0.8594
   -0.7836   -1.2985   -0.8594
   -1.3278   -1.3887   -1.0634
   -1.1420   -0.9084   -0.8322
   -1.3278   -1.3887   -1.0634
   -1.6469   -0.9849   -1.0711
   -1.1420   -0.9084   -0.8322
   -3.3035   -1.5788   -0.7447
   -3.4212   -1.8186   -0.2756
   -3.6248   -1.3250   -0.3165
   -2.8722   -1.7710   -1.0630
   -3.3035   -1.5788   -0.7447
   -3.0455   -1.2564   -1.1290
   -3.5823   -1.5408    0.1968
   -3.4212   -1.8186   -0.2756
   -3.3113   -2.0233    0.2263
   -2.8228   -2.5926   -0.4379
   -3.0752   -2.0873   -0.6648
   -2.6533   -2.3004   -0.9285
   -3.3113   -2.0233    0.2263
   -3.0211   -2.1963    0.6231
   -3.3129   -1.6923    0.6723
   -3.7593   -1.0121    0.1405
   -3.6248   -1.3250   -0.3165
   -3.5823   -1.5408    0.1968
   -3.4212   -1.8186   -0.2756
   -3.3035   -1.5788   -0.7447
   -3.0752   -2.0873   -0.6648
   -2.8228   -2.5926   -0.4379
   -3.1588   -2.2637   -0.2071
   -3.0752   -2.0873   -0.6648
    2.6933   -1.3794   -1.2330
    2.3255   -1.7239   -1.2700
    2.2638   -1.1126   -1.2648
    1.7938   -0.9465   -1.1007
    2.2638   -1.1126   -1.2648
    1.8414   -1.4690   -1.2290
    1.8414   -1.4690   -1.2290
    1.8783   -2.0912   -1.2902
    1.4674   -1.7427   -1.2013
    2.3255   -1.7239   -1.2700
    1.8783   -2.0912   -1.2902
    1.8414   -1.4690   -1.2290
    1.4674   -1.7427   -1.2013
    1.2834   -1.2606   -1.0090
    1.8414   -1.4690   -1.2290
    1.2834   -1.2606   -1.0090
    1.7938   -0.9465   -1.1007
    1.8414   -1.4690   -1.2290
    2.2638   -1.1126   -1.2648
    1.7938   -0.9465   -1.1007
    2.2790   -0.5170   -1.2317
    1.7938   -0.9465   -1.1007
    1.3406   -0.6937   -0.8763
    1.7905   -0.4630   -1.0421
    1.4540   -0.1287   -0.8375
    1.7905   -0.4630   -1.0421
    1.3406   -0.6937   -0.8763
    1.7905   -0.4630   -1.0421
    1.9509    0.0064   -1.0709
    2.2790   -0.5170   -1.2317
    2.4068    0.0200   -1.2464
    2.2790   -0.5170   -1.2317
    1.9509    0.0064   -1.0709
    1.7905   -0.4630   -1.0421
    2.2790   -0.5170   -1.2317
    1.7938   -0.9465   -1.1007
   -0.6033   -0.7971   -0.6371
   -0.0678   -0.7063   -0.5328
   -0.2355   -1.1965   -0.7321
    0.1256   -0.2456   -0.4190
    0.5066   -0.5419   -0.5248
   -0.0678   -0.7063   -0.5328
    0.3251   -1.0616   -0.6802
   -0.0678   -0.7063   -0.5328
    0.5066   -0.5419   -0.5248
   -2.2763   -2.4419    1.0919
   -2.1110   -2.9018    0.8501
   -1.7833   -2.5789    1.2031
   -2.1110   -2.9018    0.8501
   -2.2763   -2.4419    1.0919
   -2.6085   -2.6698    0.6213
   -1.5285   -1.6213    1.1832
   -1.6702   -1.0701    1.0975
   -2.0496   -1.4800    1.2630
    1.5296   -3.0621   -1.0164
    1.0043   -3.3228   -0.9739
    1.1385   -2.7924   -1.2558
    2.0028   -2.6747   -1.0908
    1.5296   -3.0621   -1.0164
    1.5970   -2.5753   -1.2499
    1.2996   -2.2154   -1.2734
    1.1385   -2.7924   -1.2558
    0.8066   -2.3256   -1.2451
    1.2996   -2.2154   -1.2734
    1.5970   -2.5753   -1.2499
    1.1385   -2.7924   -1.2558
    0.5064   -3.6280   -0.7490
    0.0102   -3.4406   -1.0157
    0.4956   -3.2868   -1.0971
    0.4956   -3.2868   -1.0971
    1.0043   -3.3228   -0.9739
    0.5064   -3.6280   -0.7490
    0.1162   -2.9569   -1.2575
    0.6612   -2.8661   -1.2670
    0.4956   -3.2868   -1.0971
    0.4956   -3.2868   -1.0971
    0.0102   -3.4406   -1.0157
    0.1162   -2.9569   -1.2575
    0.4956   -3.2868   -1.0971
    0.6612   -2.8661   -1.2670
    1.0043   -3.3228   -0.9739
    1.1385   -2.7924   -1.2558
    1.0043   -3.3228   -0.9739
    0.6612   -2.8661   -1.2670
   -3.3035   -1.5788   -0.7447
   -3.6248   -1.3250   -0.3165
   -3.4838   -1.0693   -0.7673
   -3.4212   -1.8186   -0.2756
   -3.5823   -1.5408    0.1968
   -3.6248   -1.3250   -0.3165
   -3.5805   -0.5061   -0.8301
   -3.8222   -0.2497   -0.4494
   -3.5422    0.0771   -0.9101
   -2.8722   -1.7710   -1.0630
   -3.0752   -2.0873   -0.6648
   -3.3035   -1.5788   -0.7447
   -3.6248   -1.3250   -0.3165
   -3.7593   -1.0121    0.1405
   -3.7676   -0.7910   -0.3738
   -3.7959   -0.0749    0.4926
   -3.8763   -0.4616    0.0729
   -3.7132   -0.6463    0.5684
    0.1256   -0.2456   -0.4190
   -0.0678   -0.7063   -0.5328
   -0.4278   -0.2460   -0.4643
   -0.8731    0.0333   -0.5759
   -0.5464    0.3570   -0.5006
   -0.4278   -0.2460   -0.4643
   -0.4278   -0.2460   -0.4643
   -0.5464    0.3570   -0.5006
   -0.0161    0.2017   -0.4127
   -0.0161    0.2017   -0.4127
    0.1256   -0.2456   -0.4190
   -0.4278   -0.2460   -0.4643
   -0.0678   -0.7063   -0.5328
   -0.6033   -0.7971   -0.6371
   -0.4278   -0.2460   -0.4643
   -0.9744   -0.4241   -0.6484
   -1.1420   -0.9084   -0.8322
   -1.4640   -0.4646   -0.8697
   -0.6033   -0.7971   -0.6371
   -1.1420   -0.9084   -0.8322
   -0.9744   -0.4241   -0.6484
   -0.9744   -0.4241   -0.6484
   -0.4278   -0.2460   -0.4643
   -0.6033   -0.7971   -0.6371
   -1.4640   -0.4646   -0.8697
   -1.3327    0.0347   -0.7909
   -0.9744   -0.4241   -0.6484
   -0.8731    0.0333   -0.5759
   -0.4278   -0.2460   -0.4643
   -0.9744   -0.4241   -0.6484
   -1.1300   -3.1649    1.0771
   -1.2646   -2.7070    1.2472
   -1.6181   -3.0645    0.9916
   -1.6181   -3.0645    0.9916
   -1.7833   -2.5789    1.2031
   -2.1110   -2.9018    0.8501
   -1.7833   -2.5789    1.2031
   -1.6181   -3.0645    0.9916
   -1.2646   -2.7070    1.2472
   -1.3976   -2.1683    1.2638
   -1.7833   -2.5789    1.2031
   -1.2646   -2.7070    1.2472
   -1.9136   -2.0342    1.2886
   -1.3976   -2.1683    1.2638
   -1.5285   -1.6213    1.1832
   -1.5285   -1.6213    1.1832
   -2.0496   -1.4800    1.2630
   -1.9136   -2.0342    1.2886
   -1.9136   -2.0342    1.2886
   -1.7833   -2.5789    1.2031
   -1.3976   -2.1683    1.2638
   -2.2763   -2.4419    1.0919
   -1.7833   -2.5789    1.2031
   -1.9136   -2.0342    1.2886
   -3.0211   -2.1963    0.6231
   -2.6857   -2.2459    0.9530
   -2.9157   -1.7770    1.0223
   -2.0496   -1.4800    1.2630
   -2.4169   -1.8844    1.2214
   -1.9136   -2.0342    1.2886
   -2.4169   -1.8844    1.2214
   -2.0496   -1.4800    1.2630
   -2.6104   -1.3578    1.2576
   -2.6857   -2.2459    0.9530
   -2.2763   -2.4419    1.0919
   -2.4169   -1.8844    1.2214
   -2.6857   -2.2459    0.9530
   -2.4169   -1.8844    1.2214
   -2.9157   -1.7770    1.0223
   -2.2763   -2.4419    1.0919
   -1.9136   -2.0342    1.2886
   -2.4169   -1.8844    1.2214
   -2.3488   -0.5083    1.2374
   -2.2061   -0.9638    1.2308
   -1.8313   -0.4961    1.0479
   -1.6702   -1.0701    1.0975
   -1.8313   -0.4961    1.0479
   -2.2061   -0.9638    1.2308
   -2.0496   -1.4800    1.2630
   -1.6702   -1.0701    1.0975
   -2.2061   -0.9638    1.2308
   -2.7465   -0.1991    1.2740
   -2.8116   -0.8263    1.2752
   -2.3488   -0.5083    1.2374
   -2.3488   -0.5083    1.2374
   -1.8313   -0.4961    1.0479
   -2.2581   -0.0054    1.1970
   -2.2581   -0.0054    1.1970
   -2.7465   -0.1991    1.2740
   -2.3488   -0.5083    1.2374
   -2.6104   -1.3578    1.2576
   -2.2061   -0.9638    1.2308
   -2.8116   -0.8263    1.2752
    2.1210    2.0331    1.2661
    1.7142    1.6373    1.2318
    2.2298    1.4843    1.2876
    1.3916    0.7477    0.9086
    1.7948    1.1032    1.1342
    1.3039    1.2720    1.0266
    1.7142    1.6373    1.2318
    1.3039    1.2720    1.0266
    1.7948    1.1032    1.1342
    1.7948    1.1032    1.1342
    1.3916    0.7477    0.9086
    1.8745    0.5460    1.0746
    1.7948    1.1032    1.1342
    1.8745    0.5460    1.0746
    2.2608    0.9186    1.2567
    2.3771    0.3401    1.2467
    2.2608    0.9186    1.2567
    1.8745    0.5460    1.0746

