    3.5681   -0.2275    1.1279
    3.6203    0.1911    1.0842
    2.8923   -0.0406    1.2002
    1.7413    0.8095    1.2978
    2.2739    1.0718    1.2478
    1.5130    1.1490    1.3350
    2.7949    0.3551    1.2093
    1.9965    0.4934    1.2752
    2.1571    0.1071    1.2687
    3.3404    0.5474    1.1311
    3.6203    0.1911    1.0842
    4.0876    0.4274    0.9923
    1.7413    0.8095    1.2978
    1.5130    1.1490    1.3350
    0.9581    0.9406    1.3549
    1.5130    1.1490    1.3350
    2.2739    1.0718    1.2478
    1.9312    1.4282    1.2568
    3.0798    1.5099    0.9638
    2.7527    1.2686    1.1581
    3.6096    1.1378    0.9988
    3.3404    0.5474    1.1311
    3.0809    0.9567    1.1423
    2.5395    0.7101    1.2316
    2.2739    1.0718    1.2478
    2.5395    0.7101    1.2316
    3.0809    0.9567    1.1423
    5.7091    0.4648    0.6155
    4.7969    0.5639    0.8149
    5.2464    0.2033    0.7563
    2.7949    0.3551    1.2093
    2.1571    0.1071    1.2687
    2.8923   -0.0406    1.2002
    2.7949    0.3551    1.2093
    2.8923   -0.0406    1.2002
    3.6203    0.1911    1.0842
    0.9581    0.9406    1.3549
    1.5130    1.1490    1.3350
    0.7541    1.3082    1.3869
    2.7527    1.2686    1.1581
    1.9312    1.4282    1.2568
    2.2739    1.0718    1.2478
    1.9312    1.4282    1.2568
    2.7527    1.2686    1.1581
    2.3004    1.6531    1.0729
    1.1869    0.5966    1.3034
    1.9965    0.4934    1.2752
    1.7413    0.8095    1.2978
    1.7413    0.8095    1.2978
    0.9581    0.9406    1.3549
    1.1869    0.5966    1.3034
    3.0798    1.5099    0.9638
    3.6096    1.1378    0.9988
    3.6861    1.5326    0.6888
    4.0876    0.4274    0.9923
    3.9102    0.7797    0.9991
    3.3404    0.5474    1.1311
    4.2377   -0.0883    1.0005
    4.5334    0.1523    0.9316
    3.6203    0.1911    1.0842
    4.7969    0.5639    0.8149
    4.0876    0.4274    0.9923
    4.5334    0.1523    0.9316
    3.5681   -0.2275    1.1279
    4.2377   -0.0883    1.0005
    3.6203    0.1911    1.0842
    3.5308   -0.6014    1.1460
    3.5681   -0.2275    1.1279
    2.8545   -0.4618    1.2341
    5.2464    0.2033    0.7563
    4.5334    0.1523    0.9316
    5.0972   -0.1850    0.8324
    4.5334    0.1523    0.9316
    5.2464    0.2033    0.7563
    4.7969    0.5639    0.8149
    1.2614    1.5171    1.3386
    0.7188    1.7483    1.2987
    0.7541    1.3082    1.3869
    1.2614    1.5171    1.3386
    0.7541    1.3082    1.3869
    1.5130    1.1490    1.3350
    1.5130    1.1490    1.3350
    1.9312    1.4282    1.2568
    1.2614    1.5171    1.3386
    3.6861    1.5326    0.6888
    3.1662    1.8378    0.5597
    3.0798    1.5099    0.9638
    2.1571    0.1071    1.2687
    1.4879   -0.1288    1.3089
    2.1995   -0.2834    1.2634
    2.1995   -0.2834    1.2634
    2.8923   -0.0406    1.2002
    2.1571    0.1071    1.2687
    2.8545   -0.4618    1.2341
    2.8923   -0.0406    1.2002
    2.1995   -0.2834    1.2634
    0.8644   -0.3740    1.3740
    1.4879   -0.1288    1.3089
    0.7293    0.0012    1.2988
    0.7541    1.3082    1.3869
    0.0993    1.5322    1.3594
    0.2081    1.1097    1.3668
    1.9965    0.4934    1.2752
    1.1869    0.5966    1.3034
    1.3598    0.2504    1.2942
    0.7293    0.0012    1.2988
    1.4879   -0.1288    1.3089
    1.3598    0.2504    1.2942
    1.3598    0.2504    1.2942
    2.1571    0.1071    1.2687
    1.9965    0.4934    1.2752
    1.3598    0.2504    1.2942
    1.4879   -0.1288    1.3089
    2.1571    0.1071    1.2687
    0.3958    0.7252    1.3464
    1.1869    0.5966    1.3034
    0.9581    0.9406    1.3549
    3.0809    0.9567    1.1423
    3.6096    1.1378    0.9988
    2.7527    1.2686    1.1581
    3.0809    0.9567    1.1423
    3.3404    0.5474    1.1311
    3.9102    0.7797    0.9991
    3.9102    0.7797    0.9991
    4.0876    0.4274    0.9923
    4.7969    0.5639    0.8149
    5.7091    0.4648    0.6155
    5.2532    0.7751    0.6002
    4.7969    0.5639    0.8149
    3.9102    0.7797    0.9991
    4.4693    0.9150    0.7959
    3.6096    1.1378    0.9988
    3.6096    1.1378    0.9988
    3.0809    0.9567    1.1423
    3.9102    0.7797    0.9991
    1.9312    1.4282    1.2568
    1.4884    1.8445    1.2057
    1.2614    1.5171    1.3386
    0.0993    1.5322    1.3594
    0.7541    1.3082    1.3869
    0.7188    1.7483    1.2987
    2.6477    1.8160    0.8255
    3.0798    1.5099    0.9638
    3.1662    1.8378    0.5597
    1.5313   -0.5445    1.4040
    2.1995   -0.2834    1.2634
    1.4879   -0.1288    1.3089
    1.4879   -0.1288    1.3089
    0.8644   -0.3740    1.3740
    1.5313   -0.5445    1.4040
   -0.5184    1.7530    1.3151
   -0.5089    1.3228    1.3789
    0.0993    1.5322    1.3594
    0.7293    0.0012    1.2988
    1.3598    0.2504    1.2942
    0.5876    0.3708    1.3320
    0.5876    0.3708    1.3320
    1.3598    0.2504    1.2942
    1.1869    0.5966    1.3034
    1.1869    0.5966    1.3034
    0.3958    0.7252    1.3464
    0.5876    0.3708    1.3320
    2.8923   -0.0406    1.2002
    2.8545   -0.4618    1.2341
    3.5681   -0.2275    1.1279
    0.7188    1.7483    1.2987
    1.2614    1.5171    1.3386
    1.4884    1.8445    1.2057
    2.6477    1.8160    0.8255
    2.3004    1.6531    1.0729
    3.0798    1.5099    0.9638
    2.7527    1.2686    1.1581
    3.0798    1.5099    0.9638
    2.3004    1.6531    1.0729
    2.6477    1.8160    0.8255
    3.1662    1.8378    0.5597
    2.5005    2.1006    0.5496
    3.1662    1.8378    0.5597
    3.6861    1.5326    0.6888
    3.8080    1.7164    0.2487
    4.9738    1.0729    0.4926
    4.2719    1.4204    0.4416
    4.2009    1.2013    0.7310
    4.2009    1.2013    0.7310
    3.6861    1.5326    0.6888
    3.6096    1.1378    0.9988
    0.7293    0.0012    1.2988
    0.5876    0.3708    1.3320
   -0.0567    0.1073    1.3107
    2.8545   -0.4618    1.2341
    2.1995   -0.2834    1.2634
    2.2125   -0.6932    1.3205
    2.1995   -0.2834    1.2634
    1.5313   -0.5445    1.4040
    2.2125   -0.6932    1.3205
    0.8644   -0.3740    1.3740
    0.2281   -0.5693    1.4306
    0.7618   -0.7553    1.4777
    0.7618   -0.7553    1.4777
    1.5313   -0.5445    1.4040
    0.8644   -0.3740    1.3740
   -0.1945    0.5047    1.3429
    0.3958    0.7252    1.3464
   -0.3399    0.9035    1.3787
    0.3958    0.7252    1.3464
    0.9581    0.9406    1.3549
    0.2081    1.1097    1.3668
    0.7541    1.3082    1.3869
    0.2081    1.1097    1.3668
    0.9581    0.9406    1.3549
   -0.5089    1.3228    1.3789
    0.2081    1.1097    1.3668
    0.0993    1.5322    1.3594
    3.5308   -0.6014    1.1460
    3.0277   -0.8633    1.2187
    3.9514   -0.8010    1.0726
    1.9974    2.0018    0.9227
    2.3004    1.6531    1.0729
    2.6477    1.8160    0.8255
    2.6477    1.8160    0.8255
    2.5005    2.1006    0.5496
    1.9974    2.0018    0.9227
    1.7593    2.2684    0.6274
    1.3021    2.1902    0.8973
    1.9974    2.0018    0.9227
    1.9974    2.0018    0.9227
    2.5005    2.1006    0.5496
    1.7593    2.2684    0.6274
    4.2719    1.4204    0.4416
    4.5697    1.3627    0.1601
    3.8080    1.7164    0.2487
    3.0808    2.0053    0.1838
    2.5005    2.1006    0.5496
    3.1662    1.8378    0.5597
    5.6707    0.8285   -0.0724
    5.2755    1.0293    0.1820
    5.9882    0.7853    0.3610
    3.6861    1.5326    0.6888
    4.2009    1.2013    0.7310
    4.2719    1.4204    0.4416
    5.2755    1.0293    0.1820
    4.5697    1.3627    0.1601
    4.9738    1.0729    0.4926
    5.2755    1.0293    0.1820
    5.6707    0.8285   -0.0724
    4.8751    1.1591   -0.1342
    0.2081    1.1097    1.3668
   -0.3399    0.9035    1.3787
    0.3958    0.7252    1.3464
   -0.1945    0.5047    1.3429
    0.5876    0.3708    1.3320
    0.3958    0.7252    1.3464
   -0.1945    0.5047    1.3429
   -0.0567    0.1073    1.3107
    0.5876    0.3708    1.3320
   -0.8003    0.2459    1.3146
   -0.1945    0.5047    1.3429
   -0.9020    0.6523    1.3297
    2.8545   -0.4618    1.2341
    3.0277   -0.8633    1.2187
    3.5308   -0.6014    1.1460
    1.4138   -0.9397    1.4447
    2.2052   -1.0576    1.3469
    2.2125   -0.6932    1.3205
    3.4899   -1.1401    1.1029
    3.9514   -0.8010    1.0726
    3.0277   -0.8633    1.2187
    2.8545   -0.4618    1.2341
    2.2125   -0.6932    1.3205
    3.0277   -0.8633    1.2187
    2.2052   -1.0576    1.3469
    2.7801   -1.2056    1.2537
    3.0277   -0.8633    1.2187
    3.4899   -1.1401    1.1029
    3.0277   -0.8633    1.2187
    2.7801   -1.2056    1.2537
    1.4138   -0.9397    1.4447
    2.2125   -0.6932    1.3205
    1.5313   -0.5445    1.4040
    1.5313   -0.5445    1.4040
    0.7618   -0.7553    1.4777
    1.4138   -0.9397    1.4447
    3.0277   -0.8633    1.2187
    2.2125   -0.6932    1.3205
    2.2052   -1.0576    1.3469
    1.6876   -1.3728    1.4068
    2.2052   -1.0576    1.3469
    1.4138   -0.9397    1.4447
    0.4928   -1.0116    1.5195
    0.7618   -0.7553    1.4777
   -0.1818   -0.8159    1.4735
    0.7293    0.0012    1.2988
   -0.0567    0.1073    1.3107
    0.0543   -0.2635    1.3398
    0.0543   -0.2635    1.3398
    0.8644   -0.3740    1.3740
    0.7293    0.0012    1.2988
    0.0543   -0.2635    1.3398
    0.2281   -0.5693    1.4306
    0.8644   -0.3740    1.3740
   -0.4807    2.4633    0.8110
   -1.0649    2.5154    0.5819
   -1.0829    2.2559    0.9325
   -1.0649    2.5154    0.5819
   -0.4807    2.4633    0.8110
   -0.5382    2.6337    0.4241
   -0.5184    1.7530    1.3151
   -0.4988    2.1493    1.1332
   -1.1420    1.9255    1.1891
   -2.1805    0.5691    1.2678
   -1.4798    0.4138    1.3156
   -1.6448    0.8016    1.3294
    3.4899   -1.1401    1.1029
    2.9852   -1.5516    1.0895
    3.7911   -1.3876    0.9250
    4.1490    1.4974   -0.1217
    3.6765    1.4743   -0.4419
    3.4454    1.8121   -0.1380
    0.0687    2.6210    0.5367
   -0.5382    2.6337    0.4241
   -0.4807    2.4633    0.8110
   -0.9340    2.6335    0.1162
   -1.0649    2.5154    0.5819
   -0.5382    2.6337    0.4241
   -0.5382    2.6337    0.4241
    0.0687    2.6210    0.5367
   -0.2730    2.6324    0.0572
   -1.5651    2.5280    0.2803
   -1.0649    2.5154    0.5819
   -0.9340    2.6335    0.1162
   -0.7041    2.5484   -0.3120
   -0.0305    2.5306   -0.4044
   -0.4834    2.3179   -0.6771
    1.1613    2.4386    0.4938
    1.3021    2.1902    0.8973
    1.7593    2.2684    0.6274
    1.7593    2.2684    0.6274
    1.5387    2.4339    0.1237
    1.1613    2.4386    0.4938
    1.1613    2.4386    0.4938
    0.9529    2.5478   -0.0054
    0.6102    2.5959    0.3771
    0.3069    2.6554    0.0161
    0.6102    2.5959    0.3771
    0.9529    2.5478   -0.0054
    0.6710    2.4314    0.7869
    0.7784    2.1080    1.0917
    1.3021    2.1902    0.8973
    0.6710    2.4314    0.7869
    0.6102    2.5959    0.3771
    0.0687    2.6210    0.5367
    1.3021    2.1902    0.8973
    1.1613    2.4386    0.4938
    0.6710    2.4314    0.7869
    0.6710    2.4314    0.7869
    1.1613    2.4386    0.4938
    0.6102    2.5959    0.3771
    0.1346    1.9695    1.2621
   -0.5184    1.7530    1.3151
    0.0993    1.5322    1.3594
    0.1346    1.9695    1.2621
   -0.4988    2.1493    1.1332
   -0.5184    1.7530    1.3151
    0.0993    1.5322    1.3594
    0.7188    1.7483    1.2987
    0.1346    1.9695    1.2621
    0.7188    1.7483    1.2987
    0.7784    2.1080    1.0917
    0.1346    1.9695    1.2621
    2.3004    1.6531    1.0729
    1.9974    2.0018    0.9227
    1.4884    1.8445    1.2057
    2.3004    1.6531    1.0729
    1.4884    1.8445    1.2057
    1.9312    1.4282    1.2568
    1.4884    1.8445    1.2057
    0.7784    2.1080    1.0917
    0.7188    1.7483    1.2987
    1.3021    2.1902    0.8973
    0.7784    2.1080    1.0917
    1.4884    1.8445    1.2057
    1.4884    1.8445    1.2057
    1.9974    2.0018    0.9227
    1.3021    2.1902    0.8973
    4.2719    1.4204    0.4416
    4.9738    1.0729    0.4926
    4.5697    1.3627    0.1601
    4.1490    1.4974   -0.1217
    3.4454    1.8121   -0.1380
    3.8080    1.7164    0.2487
    4.2719    1.4204    0.4416
    3.8080    1.7164    0.2487
    3.6861    1.5326    0.6888
    4.1490    1.4974   -0.1217
    3.8080    1.7164    0.2487
    4.5697    1.3627    0.1601
   -0.0567    0.1073    1.3107
   -0.1945    0.5047    1.3429
   -0.8003    0.2459    1.3146
   -0.9020    0.6523    1.3297
   -1.4798    0.4138    1.3156
   -0.8003    0.2459    1.3146
   -0.3399    0.9035    1.3787
   -0.9020    0.6523    1.3297
   -0.1945    0.5047    1.3429
    1.1073   -1.6372    1.4059
    0.4500   -1.4260    1.4748
    0.5414   -1.8574    1.4007
    0.7618   -0.7553    1.4777
    0.4928   -1.0116    1.5195
    1.4138   -0.9397    1.4447
    1.6876   -1.3728    1.4068
    1.4138   -0.9397    1.4447
    1.0208   -1.2027    1.4796
    1.0208   -1.2027    1.4796
    1.4138   -0.9397    1.4447
    0.4928   -1.0116    1.5195
   -0.1605   -1.2440    1.4937
    0.4500   -1.4260    1.4748
    0.4928   -1.0116    1.5195
    0.4500   -1.4260    1.4748
    1.1073   -1.6372    1.4059
    1.0208   -1.2027    1.4796
    1.6876   -1.3728    1.4068
    1.0208   -1.2027    1.4796
    1.1073   -1.6372    1.4059
   -5.5541   -0.8803    0.5134
   -5.4535   -1.1668    0.2378
   -4.8844   -1.2257    0.5694
   -2.7219   -2.0451    0.8252
   -3.4253   -1.8651    0.6148
   -2.8808   -2.2153    0.4679
   -4.1801   -1.5621    0.5973
   -3.9807   -1.8047    0.2823
   -3.4253   -1.8651    0.6148
    0.1055    2.3419    0.9892
   -0.4807    2.4633    0.8110
   -0.4988    2.1493    1.1332
   -0.4988    2.1493    1.1332
    0.1346    1.9695    1.2621
    0.1055    2.3419    0.9892
    0.1055    2.3419    0.9892
    0.1346    1.9695    1.2621
    0.7784    2.1080    1.0917
    0.0687    2.6210    0.5367
   -0.4807    2.4633    0.8110
    0.1055    2.3419    0.9892
    0.1055    2.3419    0.9892
    0.6710    2.4314    0.7869
    0.0687    2.6210    0.5367
    0.7784    2.1080    1.0917
    0.6710    2.4314    0.7869
    0.1055    2.3419    0.9892
   -0.5089    1.3228    1.3789
   -0.5184    1.7530    1.3151
   -1.2088    1.4806    1.3165
   -0.5184    1.7530    1.3151
   -1.1420    1.9255    1.1891
   -1.2088    1.4806    1.3165
   -2.7626    0.3347    1.2048
   -2.9440    0.6457    1.1526
   -3.5309    0.3162    1.0844
   -2.9440    0.6457    1.1526
   -2.7626    0.3347    1.2048
   -2.1805    0.5691    1.2678
   -0.9020    0.6523    1.3297
   -1.6448    0.8016    1.3294
   -1.4798    0.4138    1.3156
   -1.6448    0.8016    1.3294
   -0.9020    0.6523    1.3297
   -1.0686    1.0610    1.3646
    5.2464    0.2033    0.7563
    5.9753    0.0400    0.6440
    5.7091    0.4648    0.6155
    5.2464    0.2033    0.7563
    5.0972   -0.1850    0.8324
    5.9753    0.0400    0.6440
    4.8751    1.1591   -0.1342
    4.3564    1.1695   -0.4405
    4.1490    1.4974   -0.1217
    3.7041    1.1706   -0.6821
    3.0494    1.4618   -0.7896
    3.6765    1.4743   -0.4419
    2.6970    2.0877   -0.2611
    3.4454    1.8121   -0.1380
    3.0910    1.7703   -0.4733
    3.0808    2.0053    0.1838
    3.8080    1.7164    0.2487
    3.4454    1.8121   -0.1380
    3.1662    1.8378    0.5597
    3.8080    1.7164    0.2487
    3.0808    2.0053    0.1838
   -1.1420    1.9255    1.1891
   -1.8203    1.6423    1.2333
   -1.2088    1.4806    1.3165
   -1.7768    1.2139    1.3332
   -1.2088    1.4806    1.3165
   -1.8203    1.6423    1.2333
   -1.3268    2.5833   -0.1674
   -1.5651    2.5280    0.2803
   -0.9340    2.6335    0.1162
   -0.9340    2.6335    0.1162
   -0.7041    2.5484   -0.3120
   -1.3268    2.5833   -0.1674
   -1.0649    2.5154    0.5819
   -1.5651    2.5280    0.2803
   -1.6638    2.3335    0.7308
   -2.1813    2.3408    0.4446
   -1.6638    2.3335    0.7308
   -1.5651    2.5280    0.2803
   -2.8118    2.1217    0.5800
   -2.3018    2.0957    0.8529
   -2.1813    2.3408    0.4446
   -1.6638    2.3335    0.7308
   -2.1813    2.3408    0.4446
   -2.3018    2.0957    0.8529
   -0.5382    2.6337    0.4241
   -0.2730    2.6324    0.0572
   -0.9340    2.6335    0.1162
   -0.7041    2.5484   -0.3120
   -0.9340    2.6335    0.1162
   -0.2730    2.6324    0.0572
   -0.2730    2.6324    0.0572
    0.0687    2.6210    0.5367
    0.3069    2.6554    0.0161
    0.6102    2.5959    0.3771
    0.3069    2.6554    0.0161
    0.0687    2.6210    0.5367
    0.3069    2.6554    0.0161
   -0.0305    2.5306   -0.4044
   -0.2730    2.6324    0.0572
   -0.0305    2.5306   -0.4044
   -0.7041    2.5484   -0.3120
   -0.2730    2.6324    0.0572
   -2.8118    2.1217    0.5800
   -3.4479    1.8270    0.6651
   -2.9551    1.7910    0.9024
   -3.2721    2.0511    0.2855
   -3.9556    1.7423    0.3387
   -3.4479    1.8270    0.6651
    5.2532    0.7751    0.6002
    5.9882    0.7853    0.3610
    4.9738    1.0729    0.4926
    6.5702    0.3542    0.4388
    5.9882    0.7853    0.3610
    5.7091    0.4648    0.6155
    4.2009    1.2013    0.7310
    4.4693    0.9150    0.7959
    4.9738    1.0729    0.4926
    5.2532    0.7751    0.6002
    5.7091    0.4648    0.6155
    5.9882    0.7853    0.3610
    4.2009    1.2013    0.7310
    3.6096    1.1378    0.9988
    4.4693    0.9150    0.7959
    5.2532    0.7751    0.6002
    4.9738    1.0729    0.4926
    4.4693    0.9150    0.7959
    3.9102    0.7797    0.9991
    4.7969    0.5639    0.8149
    4.4693    0.9150    0.7959
    4.4693    0.9150    0.7959
    4.7969    0.5639    0.8149
    5.2532    0.7751    0.6002
    6.5702    0.3542    0.4388
    5.7091    0.4648    0.6155
    5.9753    0.0400    0.6440
   -3.7136   -1.5257    0.7997
   -4.1801   -1.5621    0.5973
   -3.4253   -1.8651    0.6148
   -4.3676   -1.6438   -0.0103
   -4.6848   -1.4892    0.2914
   -4.9830   -1.3668   -0.0673
   -4.6848   -1.4892    0.2914
   -4.8844   -1.2257    0.5694
   -5.4535   -1.1668    0.2378
   -3.9807   -1.8047    0.2823
   -4.6848   -1.4892    0.2914
   -4.3676   -1.6438   -0.0103
   -3.9807   -1.8047    0.2823
   -3.7690   -1.8765   -0.2303
   -3.4199   -2.0598    0.1879
   -4.3435   -1.5336   -0.3719
   -4.3676   -1.6438   -0.0103
   -4.9830   -1.3668   -0.0673
   -4.6848   -1.4892    0.2914
   -3.9807   -1.8047    0.2823
   -4.1801   -1.5621    0.5973
   -0.7147   -0.1380    1.2938
    0.0543   -0.2635    1.3398
   -0.0567    0.1073    1.3107
   -0.0567    0.1073    1.3107
   -0.8003    0.2459    1.3146
   -0.7147   -0.1380    1.2938
   -1.4798    0.4138    1.3156
   -2.1805    0.5691    1.2678
   -2.1314    0.1639    1.2621
   -2.1314    0.1639    1.2621
   -2.1805    0.5691    1.2678
   -2.7626    0.3347    1.2048
   -2.3784    0.9435    1.2268
   -1.7768    1.2139    1.3332
   -2.4792    1.3466    1.1971
   -2.4792    1.3466    1.1971
   -1.8203    1.6423    1.2333
   -2.4137    1.7462    1.0715
   -1.6448    0.8016    1.3294
   -1.0686    1.0610    1.3646
   -1.7768    1.2139    1.3332
   -1.2088    1.4806    1.3165
   -1.7768    1.2139    1.3332
   -1.0686    1.0610    1.3646
   -0.3399    0.9035    1.3787
   -1.0686    1.0610    1.3646
   -0.9020    0.6523    1.3297
   -0.5089    1.3228    1.3789
   -1.2088    1.4806    1.3165
   -1.0686    1.0610    1.3646
   -1.0686    1.0610    1.3646
   -0.3399    0.9035    1.3787
   -0.5089    1.3228    1.3789
    0.2081    1.1097    1.3668
   -0.5089    1.3228    1.3789
   -0.3399    0.9035    1.3787
    4.2377   -0.0883    1.0005
    4.3169   -0.4421    1.0318
    5.0972   -0.1850    0.8324
    4.0876    0.4274    0.9923
    3.6203    0.1911    1.0842
    4.5334    0.1523    0.9316
    4.2377   -0.0883    1.0005
    3.5681   -0.2275    1.1279
    4.3169   -0.4421    1.0318
    3.5308   -0.6014    1.1460
    4.3169   -0.4421    1.0318
    3.5681   -0.2275    1.1279
   -2.8808   -2.2153    0.4679
   -3.4199   -2.0598    0.1879
   -2.8406   -2.3011    0.0670
   -0.0618   -1.6748    1.4493
    0.5414   -1.8574    1.4007
    0.4500   -1.4260    1.4748
    1.6876   -1.3728    1.4068
    1.1073   -1.6372    1.4059
    1.6878   -1.7923    1.2826
    1.6878   -1.7923    1.2826
    1.1073   -1.6372    1.4059
    1.0576   -2.0759    1.2717
    0.5414   -1.8574    1.4007
    1.0576   -2.0759    1.2717
    1.1073   -1.6372    1.4059
    2.6907   -1.9534    0.8719
    2.3160   -2.2734    0.6036
    2.9440   -2.0693    0.5135
    2.9852   -1.5516    1.0895
    2.6907   -1.9534    0.8719
    3.3192   -1.7321    0.8025
   -0.1794   -2.7943    0.0102
   -0.5852   -2.7800    0.2738
   -0.7223   -2.6946   -0.2048
    3.7911   -1.3876    0.9250
    3.3192   -1.7321    0.8025
    3.9163   -1.5891    0.6279
    3.3192   -1.7321    0.8025
    3.7911   -1.3876    0.9250
    2.9852   -1.5516    1.0895
    3.7911   -1.3876    0.9250
    4.3225   -1.0319    0.8972
    3.4899   -1.1401    1.1029
    3.9514   -0.8010    1.0726
    3.4899   -1.1401    1.1029
    4.3225   -1.0319    0.8972
    3.9163   -1.5891    0.6279
    4.5118   -1.3416    0.6200
    3.7911   -1.3876    0.9250
    5.0835   -1.0144    0.6504
    4.3225   -1.0319    0.8972
    4.5118   -1.3416    0.6200
    4.3564    1.1695   -0.4405
    5.0846    0.8392   -0.3907
    4.3750    0.8028   -0.6337
    4.9015    0.4778   -0.5834
    4.3750    0.8028   -0.6337
    5.0846    0.8392   -0.3907
    2.4941    2.2035    0.0712
    3.0808    2.0053    0.1838
    2.6970    2.0877   -0.2611
    2.0632    2.1904   -0.5047
    2.0032    2.3346   -0.1680
    2.6970    2.0877   -0.2611
    0.7199    1.6212   -1.1119
    0.5038    1.9621   -0.9866
    1.2343    1.8360   -1.0111
    0.7199    1.6212   -1.1119
    1.2343    1.8360   -1.0111
    1.2212    1.3578   -1.1433
    1.3682    2.3919   -0.3884
    2.0032    2.3346   -0.1680
    2.0632    2.1904   -0.5047
   -2.1755    2.0641   -0.6085
   -2.3761    2.2719   -0.2175
   -1.7573    2.3317   -0.4244
   -0.4834    2.3179   -0.6771
   -0.2220    1.9711   -0.9105
   -0.9241    2.0173   -0.8501
    3.0476    1.0002   -0.9238
    2.4377    1.2489   -1.0339
    3.0494    1.4618   -0.7896
    2.3974    1.6100   -0.9088
    2.5232    1.8920   -0.6525
    3.0494    1.4618   -0.7896
    3.7041    1.1706   -0.6821
    3.6765    1.4743   -0.4419
    4.3564    1.1695   -0.4405
    3.0910    1.7703   -0.4733
    3.6765    1.4743   -0.4419
    3.0494    1.4618   -0.7896
    2.3974    1.6100   -0.9088
    3.0494    1.4618   -0.7896
    2.4377    1.2489   -1.0339
    3.0494    1.4618   -0.7896
    3.7041    1.1706   -0.6821
    3.0476    1.0002   -0.9238
    2.7721    0.4737   -1.0003
    1.9503    0.4655   -1.0730
    2.3854    0.7889   -1.0672
    0.5722    0.2823   -1.1253
    1.0035    0.5670   -1.1562
    1.3398    0.2725   -1.0814
    1.3398    0.2725   -1.0814
    1.0035    0.5670   -1.1562
    1.9503    0.4655   -1.0730
    2.4377    1.2489   -1.0339
    3.0476    1.0002   -0.9238
    2.3854    0.7889   -1.0672
    1.5545    0.7221   -1.1307
    2.3854    0.7889   -1.0672
    1.9503    0.4655   -1.0730
    0.4047    0.7740   -1.1741
    0.9178    1.0186   -1.1934
    1.0035    0.5670   -1.1562
    1.9148    1.8886   -0.8798
    1.7998    1.5014   -1.0500
    1.2343    1.8360   -1.0111
    2.4377    1.2489   -1.0339
    1.7998    1.5014   -1.0500
    2.3974    1.6100   -0.9088
    1.9148    1.8886   -0.8798
    2.3974    1.6100   -0.9088
    1.7998    1.5014   -1.0500
    2.5232    1.8920   -0.6525
    2.3974    1.6100   -0.9088
    1.9148    1.8886   -0.8798
   -4.2826    0.6289    0.9357
   -5.0842    0.4406    0.7745
   -4.3375    0.2186    0.9676
   -3.9212    1.0634    0.9719
   -4.8386    0.8591    0.7501
   -4.2826    0.6289    0.9357
   -3.1010    1.0366    1.1277
   -3.9212    1.0634    0.9719
   -3.5977    0.7411    1.0560
   -1.8203    1.6423    1.2333
   -1.7211    2.0212    1.0334
   -2.4137    1.7462    1.0715
   -1.0829    2.2559    0.9325
   -1.7211    2.0212    1.0334
   -1.1420    1.9255    1.1891
   -4.8844   -1.2257    0.5694
   -4.7453   -0.8622    0.7856
   -5.5541   -0.8803    0.5134
   -4.1913   -1.1747    0.8141
   -4.8844   -1.2257    0.5694
   -4.1801   -1.5621    0.5973
   -5.6240    0.9625    0.0812
   -6.2671    0.7349    0.2612
   -5.3218    0.9841    0.4537
   -5.0842    0.4406    0.7745
   -5.7301    0.6068    0.5696
   -5.9043    0.1817    0.6235
   -4.6261    1.3863    0.3895
   -4.9816    1.2405    0.0989
   -5.3218    0.9841    0.4537
   -3.9556    1.7423    0.3387
   -4.3357    1.5593    0.0573
   -4.6261    1.3863    0.3895
   -2.8118    2.1217    0.5800
   -2.9551    1.7910    0.9024
   -2.3018    2.0957    0.8529
   -2.3018    2.0957    0.8529
   -2.4137    1.7462    1.0715
   -1.7211    2.0212    1.0334
   -2.4137    1.7462    1.0715
   -2.3018    2.0957    0.8529
   -2.9551    1.7910    0.9024
   -2.9551    1.7910    0.9024
   -3.4479    1.8270    0.6651
   -3.6928    1.4599    0.8933
   -4.9816    1.2405    0.0989
   -4.6261    1.3863    0.3895
   -4.3357    1.5593    0.0573
   -5.7301    0.6068    0.5696
   -5.3218    0.9841    0.4537
   -6.2671    0.7349    0.2612
   -4.9816    1.2405    0.0989
   -5.1889    0.9960   -0.2622
   -5.6240    0.9625    0.0812
   -2.2618   -1.7087   -0.9593
   -2.9434   -1.7139   -0.7855
   -2.7002   -1.3978   -0.9496
   -2.4368   -2.0633   -0.7216
   -2.9434   -1.7139   -0.7855
   -2.2618   -1.7087   -0.9593
   -1.5651    2.5280    0.2803
   -1.3268    2.5833   -0.1674
   -1.9900    2.4467    0.0194
   -1.7573    2.3317   -0.4244
   -2.3761    2.2719   -0.2175
   -1.9900    2.4467    0.0194
   -1.9900    2.4467    0.0194
   -1.3268    2.5833   -0.1674
   -1.7573    2.3317   -0.4244
   -1.1533    2.3478   -0.5770
   -0.7041    2.5484   -0.3120
   -0.4834    2.3179   -0.6771
   -1.1533    2.3478   -0.5770
   -1.3268    2.5833   -0.1674
   -0.7041    2.5484   -0.3120
   -1.7573    2.3317   -0.4244
   -1.3268    2.5833   -0.1674
   -1.1533    2.3478   -0.5770
   -0.4834    2.3179   -0.6771
   -0.9241    2.0173   -0.8501
   -1.1533    2.3478   -0.5770
   -4.3357    1.5593    0.0573
   -3.6620    1.8418   -0.0323
   -3.9670    1.5858   -0.2893
    5.8604   -0.3852    0.6243
    5.9753    0.0400    0.6440
    5.0972   -0.1850    0.8324
    6.5601   -0.6185    0.3795
    6.7649   -0.1515    0.4402
    5.8604   -0.3852    0.6243
    5.9753    0.0400    0.6440
    5.8604   -0.3852    0.6243
    6.7649   -0.1515    0.4402
   -4.3676   -1.6438   -0.0103
   -3.7690   -1.8765   -0.2303
   -3.9807   -1.8047    0.2823
   -3.1317   -2.1139   -0.1609
   -3.4199   -2.0598    0.1879
   -3.7690   -1.8765   -0.2303
   -2.8406   -2.3011    0.0670
   -3.4199   -2.0598    0.1879
   -3.1317   -2.1139   -0.1609
    0.4500   -1.4260    1.4748
   -0.1605   -1.2440    1.4937
   -0.0618   -1.6748    1.4493
    0.2281   -0.5693    1.4306
   -0.1818   -0.8159    1.4735
    0.7618   -0.7553    1.4777
   -1.4798    0.4138    1.3156
   -2.1314    0.1639    1.2621
   -1.4724    0.0146    1.2885
   -1.4724    0.0146    1.2885
   -0.8003    0.2459    1.3146
   -1.4798    0.4138    1.3156
   -1.4724    0.0146    1.2885
   -0.7147   -0.1380    1.2938
   -0.8003    0.2459    1.3146
   -1.8203    1.6423    1.2333
   -2.4792    1.3466    1.1971
   -1.7768    1.2139    1.3332
   -2.3784    0.9435    1.2268
   -1.6448    0.8016    1.3294
   -1.7768    1.2139    1.3332
   -2.3784    0.9435    1.2268
   -2.9440    0.6457    1.1526
   -2.1805    0.5691    1.2678
   -2.1805    0.5691    1.2678
   -1.6448    0.8016    1.3294
   -2.3784    0.9435    1.2268
   -3.1010    1.0366    1.1277
   -2.4792    1.3466    1.1971
   -3.1348    1.4066    1.0536
   -3.5977    0.7411    1.0560
   -2.9440    0.6457    1.1526
   -3.1010    1.0366    1.1277
   -4.2826    0.6289    0.9357
   -3.5977    0.7411    1.0560
   -3.9212    1.0634    0.9719
   -2.4792    1.3466    1.1971
   -3.1010    1.0366    1.1277
   -2.3784    0.9435    1.2268
   -2.9440    0.6457    1.1526
   -2.3784    0.9435    1.2268
   -3.1010    1.0366    1.1277
   -3.1010    1.0366    1.1277
   -3.1348    1.4066    1.0536
   -3.9212    1.0634    0.9719
   -2.4137    1.7462    1.0715
   -3.1348    1.4066    1.0536
   -2.4792    1.3466    1.1971
    3.5564   -1.8797    0.3937
    2.9440   -2.0693    0.5135
    3.2256   -2.0905    0.0889
   -1.5954   -2.4240    0.7306
   -2.2347   -2.3537    0.5925
   -1.7476   -2.5828    0.3121
   -1.8631   -2.5110   -0.1513
   -1.2163   -2.6698    0.0340
   -1.7476   -2.5828    0.3121
    2.0689   -2.1758    0.9064
    2.3160   -2.2734    0.6036
    2.6907   -1.9534    0.8719
    1.0576   -2.0759    1.2717
    0.5414   -1.8574    1.4007
    0.4662   -2.3103    1.1865
    5.6822   -0.7123    0.5672
    5.0835   -1.0144    0.6504
    5.8103   -0.9652    0.3069
    4.1605   -1.6660    0.3424
    4.5651   -1.5509    0.1157
    4.5118   -1.3416    0.6200
    4.5118   -1.3416    0.6200
    5.1520   -1.2531    0.2947
    5.0835   -1.0144    0.6504
    5.6822   -0.7123    0.5672
    4.9070   -0.6402    0.8481
    5.0835   -1.0144    0.6504
    4.1605   -1.6660    0.3424
    4.5118   -1.3416    0.6200
    3.9163   -1.5891    0.6279
    4.1605   -1.6660    0.3424
    3.9163   -1.5891    0.6279
    3.5564   -1.8797    0.3937
    3.9163   -1.5891    0.6279
    3.3192   -1.7321    0.8025
    3.5564   -1.8797    0.3937
    4.3564    1.1695   -0.4405
    4.3750    0.8028   -0.6337
    3.7041    1.1706   -0.6821
    3.7020    0.7945   -0.8238
    3.7041    1.1706   -0.6821
    4.3750    0.8028   -0.6337
    3.7020    0.7945   -0.8238
    3.0476    1.0002   -0.9238
    3.7041    1.1706   -0.6821
    3.7375   -1.6821   -0.5430
    3.0547   -1.9783   -0.5131
    3.3134   -1.6077   -0.7764
    3.0808    2.0053    0.1838
    2.4941    2.2035    0.0712
    2.5005    2.1006    0.5496
    1.7593    2.2684    0.6274
    2.5005    2.1006    0.5496
    2.0554    2.2940    0.3046
    2.0554    2.2940    0.3046
    2.5005    2.1006    0.5496
    2.4941    2.2035    0.0712
    2.0554    2.2940    0.3046
    2.4941    2.2035    0.0712
    2.0032    2.3346   -0.1680
    2.0554    2.2940    0.3046
    1.5387    2.4339    0.1237
    1.7593    2.2684    0.6274
    2.0554    2.2940    0.3046
    2.0032    2.3346   -0.1680
    1.5387    2.4339    0.1237
    2.6970    2.0877   -0.2611
    3.0910    1.7703   -0.4733
    2.5232    1.8920   -0.6525
    3.0494    1.4618   -0.7896
    2.5232    1.8920   -0.6525
    3.0910    1.7703   -0.4733
    3.0910    1.7703   -0.4733
    3.4454    1.8121   -0.1380
    3.6765    1.4743   -0.4419
    3.4454    1.8121   -0.1380
    2.6970    2.0877   -0.2611
    3.0808    2.0053    0.1838
    2.6970    2.0877   -0.2611
    2.5232    1.8920   -0.6525
    2.0632    2.1904   -0.5047
    2.4941    2.2035    0.0712
    2.6970    2.0877   -0.2611
    2.0032    2.3346   -0.1680
    0.0485    1.6281   -1.0721
   -0.2220    1.9711   -0.9105
    0.5038    1.9621   -0.9866
    0.5038    1.9621   -0.9866
    0.7199    1.6212   -1.1119
    0.0485    1.6281   -1.0721
    0.0485    1.6281   -1.0721
    0.7199    1.6212   -1.1119
    0.4500    1.2963   -1.1558
    0.6319    2.4639   -0.4003
   -0.0305    2.5306   -0.4044
    0.3069    2.6554    0.0161
    1.5211    2.1089   -0.7256
    1.3682    2.3919   -0.3884
    2.0632    2.1904   -0.5047
    1.5211    2.1089   -0.7256
    1.9148    1.8886   -0.8798
    1.2343    1.8360   -1.0111
    1.5211    2.1089   -0.7256
    2.0632    2.1904   -0.5047
    1.9148    1.8886   -0.8798
    2.5232    1.8920   -0.6525
    1.9148    1.8886   -0.8798
    2.0632    2.1904   -0.5047
   -2.7468    2.0242   -0.4364
   -2.1755    2.0641   -0.6085
   -2.7061    1.7850   -0.7274
    1.5545    0.7221   -1.1307
    0.9178    1.0186   -1.1934
    1.7735    1.0670   -1.1322
    1.7735    1.0670   -1.1322
    1.7998    1.5014   -1.0500
    2.4377    1.2489   -1.0339
    2.4377    1.2489   -1.0339
    2.3854    0.7889   -1.0672
    1.7735    1.0670   -1.1322
    1.7735    1.0670   -1.1322
    2.3854    0.7889   -1.0672
    1.5545    0.7221   -1.1307
    1.7998    1.5014   -1.0500
    1.2212    1.3578   -1.1433
    1.2343    1.8360   -1.0111
    1.7998    1.5014   -1.0500
    1.7735    1.0670   -1.1322
    1.2212    1.3578   -1.1433
    1.2212    1.3578   -1.1433
    1.7735    1.0670   -1.1322
    0.9178    1.0186   -1.1934
    0.4500    1.2963   -1.1558
    0.7199    1.6212   -1.1119
    1.2212    1.3578   -1.1433
    1.2212    1.3578   -1.1433
    0.9178    1.0186   -1.1934
    0.4500    1.2963   -1.1558
   -1.8203    1.6423    1.2333
   -1.1420    1.9255    1.1891
   -1.7211    2.0212    1.0334
   -1.0829    2.2559    0.9325
   -1.1420    1.9255    1.1891
   -0.4988    2.1493    1.1332
   -1.0829    2.2559    0.9325
   -1.6638    2.3335    0.7308
   -1.7211    2.0212    1.0334
   -2.3018    2.0957    0.8529
   -1.7211    2.0212    1.0334
   -1.6638    2.3335    0.7308
   -1.6638    2.3335    0.7308
   -1.0829    2.2559    0.9325
   -1.0649    2.5154    0.5819
   -0.4988    2.1493    1.1332
   -0.4807    2.4633    0.8110
   -1.0829    2.2559    0.9325
   -3.5977    0.7411    1.0560
   -4.2826    0.6289    0.9357
   -3.5309    0.3162    1.0844
   -3.5977    0.7411    1.0560
   -3.5309    0.3162    1.0844
   -2.9440    0.6457    1.1526
   -4.2408   -0.6243   -0.7526
   -3.3316   -0.7468   -0.8931
   -3.7776   -0.9777   -0.8118
   -3.7776   -0.9777   -0.8118
   -2.8520   -1.0174   -0.9501
   -3.3699   -1.3063   -0.8289
   -4.9120    0.0023   -0.6689
   -5.0720   -0.3464   -0.6341
   -5.8043   -0.0510   -0.5232
   -5.9774    0.3469   -0.4350
   -5.8043   -0.0510   -0.5232
   -6.6873    0.1236   -0.3610
   -6.6686    0.3601    0.4086
   -5.9043    0.1817    0.6235
   -5.7301    0.6068    0.5696
   -5.7301    0.6068    0.5696
   -4.8386    0.8591    0.7501
   -5.3218    0.9841    0.4537
   -4.4733    1.1858    0.7368
   -5.3218    0.9841    0.4537
   -4.8386    0.8591    0.7501
   -6.7615    0.4731   -0.1158
   -6.2671    0.7349    0.2612
   -5.9436    0.7081   -0.2091
   -5.6240    0.9625    0.0812
   -5.3218    0.9841    0.4537
   -4.9816    1.2405    0.0989
   -4.4733    1.1858    0.7368
   -4.8386    0.8591    0.7501
   -3.9212    1.0634    0.9719
   -3.6928    1.4599    0.8933
   -4.0887    1.5257    0.6526
   -4.4733    1.1858    0.7368
   -3.1348    1.4066    1.0536
   -3.6928    1.4599    0.8933
   -3.9212    1.0634    0.9719
   -2.6321    2.2683    0.1679
   -2.1813    2.3408    0.4446
   -1.9900    2.4467    0.0194
   -1.5651    2.5280    0.2803
   -1.9900    2.4467    0.0194
   -2.1813    2.3408    0.4446
   -2.6321    2.2683    0.1679
   -3.2721    2.0511    0.2855
   -2.8118    2.1217    0.5800
   -2.1813    2.3408    0.4446
   -2.6321    2.2683    0.1679
   -2.8118    2.1217    0.5800
   -2.6321    2.2683    0.1679
   -1.9900    2.4467    0.0194
   -2.3761    2.2719   -0.2175
   -1.7573    2.3317   -0.4244
   -1.1533    2.3478   -0.5770
   -1.5686    2.0344   -0.7621
   -1.5686    2.0344   -0.7621
   -1.1533    2.3478   -0.5770
   -0.9241    2.0173   -0.8501
   -1.5686    2.0344   -0.7621
   -2.1755    2.0641   -0.6085
   -1.7573    2.3317   -0.4244
   -2.0558    1.7404   -0.8692
   -2.1755    2.0641   -0.6085
   -1.5686    2.0344   -0.7621
   -4.3357    1.5593    0.0573
   -3.9556    1.7423    0.3387
   -3.6620    1.8418   -0.0323
   -3.2721    2.0511    0.2855
   -3.6620    1.8418   -0.0323
   -3.9556    1.7423    0.3387
   -5.1889    0.9960   -0.2622
   -4.9816    1.2405    0.0989
   -4.5421    1.3016   -0.3177
   -4.0887    1.5257    0.6526
   -3.4479    1.8270    0.6651
   -3.9556    1.7423    0.3387
   -2.3761    2.2719   -0.2175
   -2.1755    2.0641   -0.6085
   -2.7468    2.0242   -0.4364
   -2.0558    1.7404   -0.8692
   -2.7061    1.7850   -0.7274
   -2.1755    2.0641   -0.6085
   -2.7468    2.0242   -0.4364
   -3.3485    1.7722   -0.4438
   -3.0478    2.1186   -0.1359
   -2.7468    2.0242   -0.4364
   -2.7061    1.7850   -0.7274
   -3.3485    1.7722   -0.4438
    4.9738    1.0729    0.4926
    5.9882    0.7853    0.3610
    5.2755    1.0293    0.1820
    5.8103   -0.9652    0.3069
    6.5601   -0.6185    0.3795
    5.6822   -0.7123    0.5672
    6.6065   -0.2281   -0.3150
    7.1557   -0.3295    0.0416
    6.6722   -0.6572   -0.1881
    6.5702    0.3542    0.4388
    5.9753    0.0400    0.6440
    6.7649   -0.1515    0.4402
    6.7649   -0.1515    0.4402
    6.5601   -0.6185    0.3795
    7.1557   -0.3295    0.0416
    4.9426   -1.3748   -0.0715
    5.5709   -1.1231   -0.0790
    5.1520   -1.2531    0.2947
    4.2377   -0.0883    1.0005
    5.0972   -0.1850    0.8324
    4.5334    0.1523    0.9316
    5.6822   -0.7123    0.5672
    5.8604   -0.3852    0.6243
    4.9070   -0.6402    0.8481
    4.3225   -1.0319    0.8972
    4.9070   -0.6402    0.8481
    3.9514   -0.8010    1.0726
    3.9514   -0.8010    1.0726
    4.3169   -0.4421    1.0318
    3.5308   -0.6014    1.1460
   -3.0978   -1.9876   -0.5243
   -2.4368   -2.0633   -0.7216
   -2.5087   -2.3229   -0.3370
   -2.8406   -2.3011    0.0670
   -3.1317   -2.1139   -0.1609
   -2.5087   -2.3229   -0.3370
   -0.7220   -1.4783    1.4636
   -0.0618   -1.6748    1.4493
   -0.1605   -1.2440    1.4937
   -0.8678   -1.0473    1.4594
   -0.7220   -1.4783    1.4636
   -0.1605   -1.2440    1.4937
   -0.1605   -1.2440    1.4937
   -0.1818   -0.8159    1.4735
   -0.8678   -1.0473    1.4594
    1.0208   -1.2027    1.4796
    0.4928   -1.0116    1.5195
    0.4500   -1.4260    1.4748
    0.4928   -1.0116    1.5195
   -0.1818   -0.8159    1.4735
   -0.1605   -1.2440    1.4937
   -0.0618   -1.6748    1.4493
   -0.7220   -1.4783    1.4636
   -0.5405   -1.9385    1.3670
   -2.1737   -0.2339    1.2643
   -1.4724    0.0146    1.2885
   -2.1314    0.1639    1.2621
   -2.5371   -0.7544    1.2749
   -1.9681   -0.5734    1.3277
   -2.8914   -0.4182    1.2023
   -0.7147   -0.1380    1.2938
   -1.4724    0.0146    1.2885
   -1.3639   -0.3711    1.3396
   -1.3639   -0.3711    1.3396
   -2.1737   -0.2339    1.2643
   -1.9681   -0.5734    1.3277
   -1.4724    0.0146    1.2885
   -2.1737   -0.2339    1.2643
   -1.3639   -0.3711    1.3396
   -4.6261    1.3863    0.3895
   -4.4733    1.1858    0.7368
   -4.0887    1.5257    0.6526
   -4.0887    1.5257    0.6526
   -3.6928    1.4599    0.8933
   -3.4479    1.8270    0.6651
   -5.3218    0.9841    0.4537
   -4.4733    1.1858    0.7368
   -4.6261    1.3863    0.3895
   -4.4733    1.1858    0.7368
   -3.9212    1.0634    0.9719
   -3.6928    1.4599    0.8933
   -3.6928    1.4599    0.8933
   -3.1348    1.4066    1.0536
   -2.9551    1.7910    0.9024
   -2.4137    1.7462    1.0715
   -2.9551    1.7910    0.9024
   -3.1348    1.4066    1.0536
    2.9440   -2.0693    0.5135
    3.5564   -1.8797    0.3937
    3.3192   -1.7321    0.8025
    1.8971   -2.1113   -0.7365
    2.6381   -1.9148   -0.7411
    2.3558   -2.2379   -0.4949
    3.9079   -1.8368    0.0127
    4.5651   -1.5509    0.1157
    4.1605   -1.6660    0.3424
   -1.2163   -2.6698    0.0340
   -0.5852   -2.7800    0.2738
   -1.0897   -2.6465    0.5062
   -1.0897   -2.6465    0.5062
   -1.7476   -2.5828    0.3121
   -1.2163   -2.6698    0.0340
   -1.5954   -2.4240    0.7306
   -1.7476   -2.5828    0.3121
   -1.0897   -2.6465    0.5062
   -1.0897   -2.6465    0.5062
   -0.9119   -2.4756    0.9153
   -1.5954   -2.4240    0.7306
   -1.0897   -2.6465    0.5062
   -0.5852   -2.7800    0.2738
   -0.4093   -2.6693    0.7046
   -0.4093   -2.6693    0.7046
   -0.9119   -2.4756    0.9153
   -1.0897   -2.6465    0.5062
   -1.8631   -2.5110   -0.1513
   -1.7476   -2.5828    0.3121
   -2.3610   -2.4634    0.1619
   -2.8808   -2.2153    0.4679
   -2.8406   -2.3011    0.0670
   -2.3610   -2.4634    0.1619
   -2.3610   -2.4634    0.1619
   -2.2347   -2.3537    0.5925
   -2.8808   -2.2153    0.4679
   -2.3610   -2.4634    0.1619
   -1.7476   -2.5828    0.3121
   -2.2347   -2.3537    0.5925
    1.6876   -1.3728    1.4068
    1.6878   -1.7923    1.2826
    2.3063   -1.4885    1.2888
    2.3063   -1.4885    1.2888
    2.2052   -1.0576    1.3469
    1.6876   -1.3728    1.4068
    2.3063   -1.4885    1.2888
    2.7801   -1.2056    1.2537
    2.2052   -1.0576    1.3469
    0.0098   -2.1089    1.3225
    0.4662   -2.3103    1.1865
    0.5414   -1.8574    1.4007
    0.4662   -2.3103    1.1865
    0.9842   -2.4731    0.9030
    1.0576   -2.0759    1.2717
    1.5687   -2.1647    1.0930
    1.0576   -2.0759    1.2717
    0.9842   -2.4731    0.9030
    5.8604   -0.3852    0.6243
    5.6822   -0.7123    0.5672
    6.5601   -0.6185    0.3795
    4.3225   -1.0319    0.8972
    3.7911   -1.3876    0.9250
    4.5118   -1.3416    0.6200
    5.0972   -0.1850    0.8324
    4.9070   -0.6402    0.8481
    5.8604   -0.3852    0.6243
    4.9070   -0.6402    0.8481
    5.0972   -0.1850    0.8324
    4.3169   -0.4421    1.0318
    4.3225   -1.0319    0.8972
    5.0835   -1.0144    0.6504
    4.9070   -0.6402    0.8481
    4.3169   -0.4421    1.0318
    3.9514   -0.8010    1.0726
    4.9070   -0.6402    0.8481
    3.0476    1.0002   -0.9238
    3.2391    0.6144   -0.9531
    2.3854    0.7889   -1.0672
    3.7020    0.7945   -0.8238
    3.2391    0.6144   -0.9531
    3.0476    1.0002   -0.9238
    2.7721    0.4737   -1.0003
    2.3854    0.7889   -1.0672
    3.2391    0.6144   -0.9531
    5.9848   -0.5060   -0.3949
    5.6555   -0.2089   -0.4750
    6.6065   -0.2281   -0.3150
    5.6555   -0.2089   -0.4750
    5.9848   -0.5060   -0.3949
    5.1976   -0.5441   -0.5568
    4.2883   -1.6072   -0.2922
    3.5461   -1.9478   -0.2618
    3.7375   -1.6821   -0.5430
    4.0468    0.4642   -0.7899
    4.9015    0.4778   -0.5834
    4.4521    0.1836   -0.7280
    3.2391    0.6144   -0.9531
    3.7020    0.7945   -0.8238
    4.0468    0.4642   -0.7899
    5.8180    0.4510   -0.3259
    6.0859    0.0758   -0.3682
    5.2831    0.1249   -0.5433
    5.6555   -0.2089   -0.4750
    5.2831    0.1249   -0.5433
    6.0859    0.0758   -0.3682
    4.0011   -0.0547   -0.8138
    4.7513   -0.2244   -0.6727
    3.7423   -0.4015   -0.8407
    4.0621   -0.9409   -0.7538
    4.3702   -0.5884   -0.7269
    4.7973   -0.8946   -0.6089
    5.2831    0.1249   -0.5433
    5.6555   -0.2089   -0.4750
    4.7513   -0.2244   -0.6727
   -0.6768    1.6460   -1.0467
   -0.9241    2.0173   -0.8501
   -0.2220    1.9711   -0.9105
   -0.2220    1.9711   -0.9105
    0.0485    1.6281   -1.0721
   -0.6768    1.6460   -1.0467
    0.9087    2.2045   -0.7578
    0.6319    2.4639   -0.4003
    1.3682    2.3919   -0.3884
    1.2343    1.8360   -1.0111
    0.5038    1.9621   -0.9866
    0.9087    2.2045   -0.7578
    0.9087    2.2045   -0.7578
    1.5211    2.1089   -0.7256
    1.2343    1.8360   -1.0111
    1.3682    2.3919   -0.3884
    1.5211    2.1089   -0.7256
    0.9087    2.2045   -0.7578
    0.2311    2.2538   -0.7383
   -0.2220    1.9711   -0.9105
   -0.4834    2.3179   -0.6771
    0.5038    1.9621   -0.9866
   -0.2220    1.9711   -0.9105
    0.2311    2.2538   -0.7383
   -0.4834    2.3179   -0.6771
   -0.0305    2.5306   -0.4044
    0.2311    2.2538   -0.7383
   -0.0305    2.5306   -0.4044
    0.6319    2.4639   -0.4003
    0.2311    2.2538   -0.7383
    0.2311    2.2538   -0.7383
    0.9087    2.2045   -0.7578
    0.5038    1.9621   -0.9866
    0.6319    2.4639   -0.4003
    0.9087    2.2045   -0.7578
    0.2311    2.2538   -0.7383
    1.5387    2.4339    0.1237
    0.9529    2.5478   -0.0054
    1.1613    2.4386    0.4938
    0.9529    2.5478   -0.0054
    0.6319    2.4639   -0.4003
    0.3069    2.6554    0.0161
    0.9529    2.5478   -0.0054
    1.5387    2.4339    0.1237
    1.3682    2.3919   -0.3884
    2.0032    2.3346   -0.1680
    1.3682    2.3919   -0.3884
    1.5387    2.4339    0.1237
    1.3682    2.3919   -0.3884
    0.6319    2.4639   -0.4003
    0.9529    2.5478   -0.0054
    0.0702    0.5325   -1.1600
    1.0035    0.5670   -1.1562
    0.5722    0.2823   -1.1253
   -2.7002   -1.3978   -0.9496
   -2.9434   -1.7139   -0.7855
   -3.3699   -1.3063   -0.8289
   -4.6250   -0.9255   -0.6156
   -3.7776   -0.9777   -0.8118
   -4.1387   -1.2364   -0.6405
   -5.0720   -0.3464   -0.6341
   -5.0283   -0.6699   -0.5779
   -5.8590   -0.4607   -0.4525
   -6.6873    0.1236   -0.3610
   -5.8043   -0.0510   -0.5232
   -6.7181   -0.2703   -0.3183
   -4.0887    1.5257    0.6526
   -3.9556    1.7423    0.3387
   -4.6261    1.3863    0.3895
   -3.0478    2.1186   -0.1359
   -3.3485    1.7722   -0.4438
   -3.6620    1.8418   -0.0323
   -3.9670    1.5858   -0.2893
   -4.5421    1.3016   -0.3177
   -4.3357    1.5593    0.0573
   -4.5421    1.3016   -0.3177
   -4.5194    0.9555   -0.5566
   -5.1889    0.9960   -0.2622
   -4.5194    0.9555   -0.5566
   -4.5421    1.3016   -0.3177
   -3.8457    1.3349   -0.6118
   -4.9120    0.0023   -0.6689
   -5.1065    0.2878   -0.6387
   -4.1436    0.2234   -0.8184
   -3.9670    1.5858   -0.2893
   -3.8457    1.3349   -0.6118
   -4.5421    1.3016   -0.3177
   -4.5194    0.9555   -0.5566
   -4.4143    0.5513   -0.7220
   -5.2277    0.6595   -0.4899
   -5.1065    0.2878   -0.6387
   -5.2277    0.6595   -0.4899
   -4.4143    0.5513   -0.7220
   -5.6240    0.9625    0.0812
   -5.9436    0.7081   -0.2091
   -6.2671    0.7349    0.2612
   -5.9774    0.3469   -0.4350
   -5.9436    0.7081   -0.2091
   -5.2277    0.6595   -0.4899
   -1.2408   -2.2321   -0.7629
   -1.8896   -2.2944   -0.5725
   -1.7514   -1.9883   -0.8952
   -2.4368   -2.0633   -0.7216
   -2.2618   -1.7087   -0.9593
   -1.7514   -1.9883   -0.8952
   -0.3788   -1.7577   -1.1199
    0.0958   -2.0050   -1.0050
   -0.5908   -2.1266   -0.9149
   -0.3788   -1.7577   -1.1199
   -0.5908   -2.1266   -0.9149
   -1.0841   -1.8729   -1.0606
   -3.0478    2.1186   -0.1359
   -2.6321    2.2683    0.1679
   -2.3761    2.2719   -0.2175
   -3.4479    1.8270    0.6651
   -2.8118    2.1217    0.5800
   -3.2721    2.0511    0.2855
   -2.3761    2.2719   -0.2175
   -2.7468    2.0242   -0.4364
   -3.0478    2.1186   -0.1359
   -3.9670    1.5858   -0.2893
   -3.6620    1.8418   -0.0323
   -3.3485    1.7722   -0.4438
   -3.0478    2.1186   -0.1359
   -3.2721    2.0511    0.2855
   -2.6321    2.2683    0.1679
   -3.6620    1.8418   -0.0323
   -3.2721    2.0511    0.2855
   -3.0478    2.1186   -0.1359
    7.1557   -0.3295    0.0416
    6.8350    0.1822   -0.1097
    6.7649   -0.1515    0.4402
    4.5697    1.3627    0.1601
    5.2755    1.0293    0.1820
    4.8751    1.1591   -0.1342
    6.0859    0.0758   -0.3682
    5.8180    0.4510   -0.3259
    6.8350    0.1822   -0.1097
    6.4362    0.5466   -0.0222
    6.8350    0.1822   -0.1097
    5.8180    0.4510   -0.3259
    4.1490    1.4974   -0.1217
    4.5697    1.3627    0.1601
    4.8751    1.1591   -0.1342
    6.3334   -0.8941   -0.0187
    6.5601   -0.6185    0.3795
    5.8103   -0.9652    0.3069
    5.8103   -0.9652    0.3069
    5.5709   -1.1231   -0.0790
    6.3334   -0.8941   -0.0187
    5.1520   -1.2531    0.2947
    5.8103   -0.9652    0.3069
    5.0835   -1.0144    0.6504
    6.6722   -0.6572   -0.1881
    6.3334   -0.8941   -0.0187
    5.6832   -0.8448   -0.3798
    4.9371   -1.2308   -0.4224
    5.6832   -0.8448   -0.3798
    5.5709   -1.1231   -0.0790
    7.1557   -0.3295    0.0416
    6.6065   -0.2281   -0.3150
    6.8350    0.1822   -0.1097
    6.3334   -0.8941   -0.0187
    6.6722   -0.6572   -0.1881
    6.5601   -0.6185    0.3795
    6.0859    0.0758   -0.3682
    6.8350    0.1822   -0.1097
    6.6065   -0.2281   -0.3150
    5.5709   -1.1231   -0.0790
    5.6832   -0.8448   -0.3798
    6.3334   -0.8941   -0.0187
    4.5651   -1.5509    0.1157
    4.9426   -1.3748   -0.0715
    5.1520   -1.2531    0.2947
    5.8103   -0.9652    0.3069
    5.1520   -1.2531    0.2947
    5.5709   -1.1231   -0.0790
    5.6832   -0.8448   -0.3798
    5.9848   -0.5060   -0.3949
    6.6722   -0.6572   -0.1881
    4.7973   -0.8946   -0.6089
    5.1976   -0.5441   -0.5568
    5.6832   -0.8448   -0.3798
    4.9426   -1.3748   -0.0715
    4.9371   -1.2308   -0.4224
    5.5709   -1.1231   -0.0790
   -3.6491   -1.6535   -0.6233
   -2.9434   -1.7139   -0.7855
   -3.0978   -1.9876   -0.5243
   -2.4368   -2.0633   -0.7216
   -3.0978   -1.9876   -0.5243
   -2.9434   -1.7139   -0.7855
   -4.1387   -1.2364   -0.6405
   -3.6491   -1.6535   -0.6233
   -4.3435   -1.5336   -0.3719
   -3.6491   -1.6535   -0.6233
   -3.0978   -1.9876   -0.5243
   -3.7690   -1.8765   -0.2303
   -1.2115   -1.7111    1.3505
   -0.5405   -1.9385    1.3670
   -0.7220   -1.4783    1.4636
    0.5414   -1.8574    1.4007
   -0.0618   -1.6748    1.4493
    0.0098   -2.1089    1.3225
   -0.5405   -1.9385    1.3670
    0.0098   -2.1089    1.3225
   -0.0618   -1.6748    1.4493
    0.0098   -2.1089    1.3225
   -0.5405   -1.9385    1.3670
   -0.3203   -2.3927    1.1430
   -2.0431   -2.1349    0.9336
   -2.2347   -2.3537    0.5925
   -1.5954   -2.4240    0.7306
   -1.4264   -1.2826    1.3938
   -0.7220   -1.4783    1.4636
   -0.8678   -1.0473    1.4594
   -1.4264   -1.2826    1.3938
   -1.2115   -1.7111    1.3505
   -0.7220   -1.4783    1.4636
   -5.7575   -0.2436    0.6554
   -5.2662   -0.5550    0.7072
   -4.9529   -0.3509    0.8205
   -5.7575   -0.2436    0.6554
   -6.1219   -0.5271    0.4714
   -5.2662   -0.5550    0.7072
   -5.5541   -0.8803    0.5134
   -5.2662   -0.5550    0.7072
   -6.1219   -0.5271    0.4714
   -5.2662   -0.5550    0.7072
   -5.5541   -0.8803    0.5134
   -4.7453   -0.8622    0.7856
   -3.6147   -0.0835    1.0812
   -2.8893    0.0081    1.1983
   -3.5309    0.3162    1.0844
   -3.6147   -0.0835    1.0812
   -2.8914   -0.4182    1.2023
   -2.8893    0.0081    1.1983
   -2.8914   -0.4182    1.2023
   -2.1737   -0.2339    1.2643
   -2.8893    0.0081    1.1983
   -2.7626    0.3347    1.2048
   -3.5309    0.3162    1.0844
   -2.8893    0.0081    1.1983
   -2.1737   -0.2339    1.2643
   -2.1314    0.1639    1.2621
   -2.8893    0.0081    1.1983
   -2.7626    0.3347    1.2048
   -2.8893    0.0081    1.1983
   -2.1314    0.1639    1.2621
   -3.5309    0.3162    1.0844
   -4.3375    0.2186    0.9676
   -3.6147   -0.0835    1.0812
   -4.3650   -0.1847    0.9512
   -3.6147   -0.0835    1.0812
   -4.3375    0.2186    0.9676
   -4.3375    0.2186    0.9676
   -3.5309    0.3162    1.0844
   -4.2826    0.6289    0.9357
   -4.9529   -0.3509    0.8205
   -4.3650   -0.1847    0.9512
   -5.1175    0.0338    0.8015
   -5.1175    0.0338    0.8015
   -4.3375    0.2186    0.9676
   -5.0842    0.4406    0.7745
   -4.3375    0.2186    0.9676
   -5.1175    0.0338    0.8015
   -4.3650   -0.1847    0.9512
   -0.7147   -0.1380    1.2938
   -1.3639   -0.3711    1.3396
   -0.5421   -0.4933    1.3554
    0.0543   -0.2635    1.3398
   -0.7147   -0.1380    1.2938
   -0.5421   -0.4933    1.3554
    0.2281   -0.5693    1.4306
    0.0543   -0.2635    1.3398
   -0.5421   -0.4933    1.3554
   -0.5421   -0.4933    1.3554
   -0.1818   -0.8159    1.4735
    0.2281   -0.5693    1.4306
   -0.8678   -1.0473    1.4594
   -0.1818   -0.8159    1.4735
   -1.0939   -0.7088    1.4062
   -1.0939   -0.7088    1.4062
   -1.3639   -0.3711    1.3396
   -1.9681   -0.5734    1.3277
   -0.1818   -0.8159    1.4735
   -0.5421   -0.4933    1.3554
   -1.0939   -0.7088    1.4062
   -1.0939   -0.7088    1.4062
   -0.5421   -0.4933    1.3554
   -1.3639   -0.3711    1.3396
    1.6483   -2.4598    0.7328
    1.9328   -2.5002    0.3029
    2.3160   -2.2734    0.6036
    2.3160   -2.2734    0.6036
    2.0689   -2.1758    0.9064
    1.6483   -2.4598    0.7328
    1.6483   -2.4598    0.7328
    1.5687   -2.1647    1.0930
    0.9842   -2.4731    0.9030
    2.0689   -2.1758    0.9064
    1.5687   -2.1647    1.0930
    1.6483   -2.4598    0.7328
    2.1323   -2.4213   -0.1270
    1.9328   -2.5002    0.3029
    1.5026   -2.6286   -0.0057
    3.2256   -2.0905    0.0889
    2.5701   -2.2933    0.1840
    2.7987   -2.2024   -0.2103
    2.7987   -2.2024   -0.2103
    2.3558   -2.2379   -0.4949
    3.0547   -1.9783   -0.5131
    2.3160   -2.2734    0.6036
    1.9328   -2.5002    0.3029
    2.5701   -2.2933    0.1840
    2.3160   -2.2734    0.6036
    2.5701   -2.2933    0.1840
    2.9440   -2.0693    0.5135
    2.5701   -2.2933    0.1840
    3.2256   -2.0905    0.0889
    2.9440   -2.0693    0.5135
    2.5701   -2.2933    0.1840
    1.9328   -2.5002    0.3029
    2.1323   -2.4213   -0.1270
    2.3558   -2.2379   -0.4949
    2.7987   -2.2024   -0.2103
    2.1323   -2.4213   -0.1270
    2.1323   -2.4213   -0.1270
    2.7987   -2.2024   -0.2103
    2.5701   -2.2933    0.1840
    0.5174   -2.5214   -0.5536
    0.4054   -2.7367   -0.1482
   -0.1289   -2.6273   -0.4105
   -0.4093   -2.6693    0.7046
   -0.5852   -2.7800    0.2738
    0.1308   -2.7908    0.3500
   -0.4093   -2.6693    0.7046
    0.1308   -2.7908    0.3500
    0.2212   -2.5801    0.8575
    0.1308   -2.7908    0.3500
   -0.5852   -2.7800    0.2738
   -0.1794   -2.7943    0.0102
   -0.1794   -2.7943    0.0102
    0.4054   -2.7367   -0.1482
    0.1308   -2.7908    0.3500
    0.1308   -2.7908    0.3500
    0.4054   -2.7367   -0.1482
    0.8472   -2.7269    0.1432
    0.8472   -2.7269    0.1432
    0.6775   -2.6916    0.5548
    0.1308   -2.7908    0.3500
   -1.8631   -2.5110   -0.1513
   -1.2985   -2.5233   -0.3967
   -1.2163   -2.6698    0.0340
   -1.2163   -2.6698    0.0340
   -0.7223   -2.6946   -0.2048
   -0.5852   -2.7800    0.2738
   -0.7223   -2.6946   -0.2048
   -1.2163   -2.6698    0.0340
   -1.2985   -2.5233   -0.3967
   -0.7223   -2.6946   -0.2048
   -1.2985   -2.5233   -0.3967
   -0.7253   -2.4674   -0.6101
   -0.7223   -2.6946   -0.2048
   -0.1289   -2.6273   -0.4105
   -0.1794   -2.7943    0.0102
   -0.7253   -2.4674   -0.6101
   -0.1289   -2.6273   -0.4105
   -0.7223   -2.6946   -0.2048
   -3.0978   -1.9876   -0.5243
   -2.5087   -2.3229   -0.3370
   -3.1317   -2.1139   -0.1609
   -1.2985   -2.5233   -0.3967
   -1.8631   -2.5110   -0.1513
   -1.8896   -2.2944   -0.5725
   -1.8896   -2.2944   -0.5725
   -2.5087   -2.3229   -0.3370
   -2.4368   -2.0633   -0.7216
   -2.5087   -2.3229   -0.3370
   -1.8896   -2.2944   -0.5725
   -1.8631   -2.5110   -0.1513
   -1.8631   -2.5110   -0.1513
   -2.3610   -2.4634    0.1619
   -2.5087   -2.3229   -0.3370
   -2.8406   -2.3011    0.0670
   -2.5087   -2.3229   -0.3370
   -2.3610   -2.4634    0.1619
    2.2544   -1.8564    1.1255
    1.6878   -1.7923    1.2826
    1.5687   -2.1647    1.0930
    2.2544   -1.8564    1.1255
    2.3063   -1.4885    1.2888
    1.6878   -1.7923    1.2826
    1.0576   -2.0759    1.2717
    1.5687   -2.1647    1.0930
    1.6878   -1.7923    1.2826
    2.2544   -1.8564    1.1255
    1.5687   -2.1647    1.0930
    2.0689   -2.1758    0.9064
   -0.3203   -2.3927    1.1430
    0.4662   -2.3103    1.1865
    0.0098   -2.1089    1.3225
   -0.9781   -2.1131    1.2122
   -0.3203   -2.3927    1.1430
   -0.5405   -1.9385    1.3670
   -0.3203   -2.3927    1.1430
   -0.9119   -2.4756    0.9153
   -0.4093   -2.6693    0.7046
   -0.9781   -2.1131    1.2122
   -0.9119   -2.4756    0.9153
   -0.3203   -2.3927    1.1430
    4.3750    0.8028   -0.6337
    4.0468    0.4642   -0.7899
    3.7020    0.7945   -0.8238
    6.0859    0.0758   -0.3682
    6.6065   -0.2281   -0.3150
    5.6555   -0.2089   -0.4750
    4.3750    0.8028   -0.6337
    4.9015    0.4778   -0.5834
    4.0468    0.4642   -0.7899
    4.3702   -0.5884   -0.7269
    4.7513   -0.2244   -0.6727
    5.1976   -0.5441   -0.5568
    5.2831    0.1249   -0.5433
    4.4521    0.1836   -0.7280
    4.9015    0.4778   -0.5834
    4.7513   -0.2244   -0.6727
    4.4521    0.1836   -0.7280
    5.2831    0.1249   -0.5433
    6.6065   -0.2281   -0.3150
    6.6722   -0.6572   -0.1881
    5.9848   -0.5060   -0.3949
    5.6555   -0.2089   -0.4750
    5.1976   -0.5441   -0.5568
    4.7513   -0.2244   -0.6727
    2.6381   -1.9148   -0.7411
    3.3134   -1.6077   -0.7764
    3.0547   -1.9783   -0.5131
   -0.3503    1.2903   -1.1180
    0.0485    1.6281   -1.0721
    0.4500    1.2963   -1.1558
   -0.3503    1.2903   -1.1180
   -0.6768    1.6460   -1.0467
    0.0485    1.6281   -1.0721
   -1.8680    1.3586   -1.0184
   -2.5736    1.4189   -0.9115
   -2.0558    1.7404   -0.8692
    1.5545    0.7221   -1.1307
    1.9503    0.4655   -1.0730
    1.0035    0.5670   -1.1562
    3.5267    0.2245   -0.8959
    2.6425    0.1565   -0.9779
    2.7721    0.4737   -1.0003
    2.6425    0.1565   -0.9779
    1.8641    0.0357   -1.0236
    1.9503    0.4655   -1.0730
    1.3398    0.2725   -1.0814
    1.9503    0.4655   -1.0730
    1.8641    0.0357   -1.0236
    4.4521    0.1836   -0.7280
    4.7513   -0.2244   -0.6727
    4.0011   -0.0547   -0.8138
    4.3702   -0.5884   -0.7269
    3.7423   -0.4015   -0.8407
    4.7513   -0.2244   -0.6727
    0.0702    0.5325   -1.1600
    0.5722    0.2823   -1.1253
   -0.2189    0.2883   -1.1243
   -0.4160    0.7517   -1.1732
    0.0702    0.5325   -1.1600
   -0.8670    0.4706   -1.1369
    1.5545    0.7221   -1.1307
    1.0035    0.5670   -1.1562
    0.9178    1.0186   -1.1934
    1.0035    0.5670   -1.1562
    0.0702    0.5325   -1.1600
    0.4047    0.7740   -1.1741
    0.4500    1.2963   -1.1558
    0.9178    1.0186   -1.1934
    0.0480    1.0225   -1.1723
    0.4047    0.7740   -1.1741
    0.0702    0.5325   -1.1600
   -0.4160    0.7517   -1.1732
   -1.2801    0.7165   -1.1027
   -1.7832    0.4603   -1.0362
   -2.1243    0.7323   -1.0091
   -2.1243    0.7323   -1.0091
   -1.7832    0.4603   -1.0362
   -2.6595    0.4646   -0.9532
   -2.7787   -0.1184   -0.9286
   -3.1861    0.2198   -0.8911
   -2.3092    0.1740   -0.9784
   -2.3092    0.1740   -0.9784
   -2.6595    0.4646   -0.9532
   -1.7832    0.4603   -1.0362
   -4.1387   -1.2364   -0.6405
   -3.3699   -1.3063   -0.8289
   -3.6491   -1.6535   -0.6233
   -2.9434   -1.7139   -0.7855
   -3.6491   -1.6535   -0.6233
   -3.3699   -1.3063   -0.8289
   -3.1317   -2.1139   -0.1609
   -3.7690   -1.8765   -0.2303
   -3.0978   -1.9876   -0.5243
   -5.0283   -0.6699   -0.5779
   -4.2408   -0.6243   -0.7526
   -4.6250   -0.9255   -0.6156
   -4.6250   -0.9255   -0.6156
   -5.5032   -0.8113   -0.4141
   -5.0283   -0.6699   -0.5779
   -6.7181   -0.2703   -0.3183
   -5.8590   -0.4607   -0.4525
   -6.4247   -0.7015   -0.2696
   -6.4247   -0.7015   -0.2696
   -6.9465   -0.4851    0.1504
   -6.7181   -0.2703   -0.3183
   -6.6873    0.1236   -0.3610
   -6.7615    0.4731   -0.1158
   -5.9774    0.3469   -0.4350
   -5.9436    0.7081   -0.2091
   -5.9774    0.3469   -0.4350
   -6.7615    0.4731   -0.1158
   -5.2277    0.6595   -0.4899
   -5.1889    0.9960   -0.2622
   -4.5194    0.9555   -0.5566
   -5.9436    0.7081   -0.2091
   -5.6240    0.9625    0.0812
   -5.1889    0.9960   -0.2622
   -5.8043   -0.0510   -0.5232
   -5.9774    0.3469   -0.4350
   -5.1065    0.2878   -0.6387
   -4.9120    0.0023   -0.6689
   -5.8043   -0.0510   -0.5232
   -5.1065    0.2878   -0.6387
   -5.1889    0.9960   -0.2622
   -5.2277    0.6595   -0.4899
   -5.9436    0.7081   -0.2091
   -4.3357    1.5593    0.0573
   -4.5421    1.3016   -0.3177
   -4.9816    1.2405    0.0989
   -4.8386    0.8591    0.7501
   -5.7301    0.6068    0.5696
   -5.0842    0.4406    0.7745
   -5.7575   -0.2436    0.6554
   -5.1175    0.0338    0.8015
   -5.9043    0.1817    0.6235
   -4.9529   -0.3509    0.8205
   -5.1175    0.0338    0.8015
   -5.7575   -0.2436    0.6554
   -4.8386    0.8591    0.7501
   -5.0842    0.4406    0.7745
   -4.2826    0.6289    0.9357
    1.6164   -0.3136   -1.0398
    1.8641    0.0357   -1.0236
    2.3965   -0.1806   -0.9858
   -0.7253   -2.4674   -0.6101
   -1.2985   -2.5233   -0.3967
   -1.2408   -2.2321   -0.7629
   -1.0841   -1.8729   -1.0606
   -0.5908   -2.1266   -0.9149
   -1.2408   -2.2321   -0.7629
   -1.2408   -2.2321   -0.7629
   -1.2985   -2.5233   -0.3967
   -1.8896   -2.2944   -0.5725
   -0.7253   -2.4674   -0.6101
   -1.2408   -2.2321   -0.7629
   -0.5908   -2.1266   -0.9149
   -2.4368   -2.0633   -0.7216
   -1.7514   -1.9883   -0.8952
   -1.8896   -2.2944   -0.5725
   -1.2408   -2.2321   -0.7629
   -1.7514   -1.9883   -0.8952
   -1.0841   -1.8729   -1.0606
   -1.5908   -1.6037   -1.0607
   -1.7514   -1.9883   -0.8952
   -2.2618   -1.7087   -0.9593
   -1.0841   -1.8729   -1.0606
   -1.7514   -1.9883   -0.8952
   -1.5908   -1.6037   -1.0607
    6.5702    0.3542    0.4388
    6.4362    0.5466   -0.0222
    5.9882    0.7853    0.3610
    4.3564    1.1695   -0.4405
    4.8751    1.1591   -0.1342
    5.0846    0.8392   -0.3907
    3.6765    1.4743   -0.4419
    4.1490    1.4974   -0.1217
    4.3564    1.1695   -0.4405
    6.8350    0.1822   -0.1097
    6.4362    0.5466   -0.0222
    6.5702    0.3542    0.4388
    5.0846    0.8392   -0.3907
    5.6707    0.8285   -0.0724
    5.8180    0.4510   -0.3259
    4.8751    1.1591   -0.1342
    5.6707    0.8285   -0.0724
    5.0846    0.8392   -0.3907
    6.6722   -0.6572   -0.1881
    7.1557   -0.3295    0.0416
    6.5601   -0.6185    0.3795
    5.6707    0.8285   -0.0724
    5.9882    0.7853    0.3610
    6.4362    0.5466   -0.0222
    6.5702    0.3542    0.4388
    6.7649   -0.1515    0.4402
    6.8350    0.1822   -0.1097
    6.4362    0.5466   -0.0222
    5.8180    0.4510   -0.3259
    5.6707    0.8285   -0.0724
    4.9015    0.4778   -0.5834
    5.8180    0.4510   -0.3259
    5.2831    0.1249   -0.5433
    5.0846    0.8392   -0.3907
    5.8180    0.4510   -0.3259
    4.9015    0.4778   -0.5834
   -2.8808   -2.2153    0.4679
   -2.2347   -2.3537    0.5925
   -2.7219   -2.0451    0.8252
   -3.4199   -2.0598    0.1879
   -2.8808   -2.2153    0.4679
   -3.4253   -1.8651    0.6148
   -2.0431   -2.1349    0.9336
   -2.7219   -2.0451    0.8252
   -2.2347   -2.3537    0.5925
   -1.6747   -1.8992    1.1918
   -0.9781   -2.1131    1.2122
   -1.2115   -1.7111    1.3505
   -0.5405   -1.9385    1.3670
   -1.2115   -1.7111    1.3505
   -0.9781   -2.1131    1.2122
   -1.6830   -0.9102    1.3799
   -1.4264   -1.2826    1.3938
   -0.8678   -1.0473    1.4594
   -1.6830   -0.9102    1.3799
   -1.0939   -0.7088    1.4062
   -1.9681   -0.5734    1.3277
   -0.8678   -1.0473    1.4594
   -1.0939   -0.7088    1.4062
   -1.6830   -0.9102    1.3799
   -4.1913   -1.1747    0.8141
   -3.8645   -0.9125    1.0068
   -4.7453   -0.8622    0.7856
   -4.7453   -0.8622    0.7856
   -4.3446   -0.6362    0.9461
   -5.2662   -0.5550    0.7072
   -4.3650   -0.1847    0.9512
   -4.9529   -0.3509    0.8205
   -4.3446   -0.6362    0.9461
   -4.9529   -0.3509    0.8205
   -5.2662   -0.5550    0.7072
   -4.3446   -0.6362    0.9461
   -5.0842    0.4406    0.7745
   -5.9043    0.1817    0.6235
   -5.1175    0.0338    0.8015
   -6.1219   -0.5271    0.4714
   -5.7575   -0.2436    0.6554
   -6.6206   -0.1375    0.4531
   -4.1913   -1.1747    0.8141
   -4.7453   -0.8622    0.7856
   -4.8844   -1.2257    0.5694
    1.6669   -2.4247   -0.4308
    2.3558   -2.2379   -0.4949
    2.1323   -2.4213   -0.1270
    1.0282   -2.5717   -0.3145
    1.6669   -2.4247   -0.4308
    1.5026   -2.6286   -0.0057
    1.2944   -2.6457    0.4446
    1.5026   -2.6286   -0.0057
    1.9328   -2.5002    0.3029
    0.9842   -2.4731    0.9030
    0.6775   -2.6916    0.5548
    1.2944   -2.6457    0.4446
    1.2944   -2.6457    0.4446
    0.6775   -2.6916    0.5548
    0.8472   -2.7269    0.1432
    0.8472   -2.7269    0.1432
    1.5026   -2.6286   -0.0057
    1.2944   -2.6457    0.4446
    1.2944   -2.6457    0.4446
    1.6483   -2.4598    0.7328
    0.9842   -2.4731    0.9030
    1.9328   -2.5002    0.3029
    1.6483   -2.4598    0.7328
    1.2944   -2.6457    0.4446
    3.9079   -1.8368    0.0127
    3.2256   -2.0905    0.0889
    3.5461   -1.9478   -0.2618
    5.1520   -1.2531    0.2947
    4.5118   -1.3416    0.6200
    4.5651   -1.5509    0.1157
    4.1605   -1.6660    0.3424
    3.5564   -1.8797    0.3937
    3.9079   -1.8368    0.0127
    3.2256   -2.0905    0.0889
    3.9079   -1.8368    0.0127
    3.5564   -1.8797    0.3937
    0.0958   -2.0050   -1.0050
   -0.3788   -1.7577   -1.1199
    0.3775   -1.6504   -1.1362
    0.3775   -1.6504   -1.1362
    0.8064   -1.9320   -1.0147
    0.0958   -2.0050   -1.0050
    2.9852   -1.5516    1.0895
    2.2544   -1.8564    1.1255
    2.6907   -1.9534    0.8719
    2.7801   -1.2056    1.2537
    2.9852   -1.5516    1.0895
    3.4899   -1.1401    1.1029
    2.7801   -1.2056    1.2537
    2.3063   -1.4885    1.2888
    2.9852   -1.5516    1.0895
    2.9440   -2.0693    0.5135
    3.3192   -1.7321    0.8025
    2.6907   -1.9534    0.8719
    2.0689   -2.1758    0.9064
    2.6907   -1.9534    0.8719
    2.2544   -1.8564    1.1255
    2.3063   -1.4885    1.2888
    2.2544   -1.8564    1.1255
    2.9852   -1.5516    1.0895
    0.4662   -2.3103    1.1865
   -0.3203   -2.3927    1.1430
    0.2212   -2.5801    0.8575
    0.2212   -2.5801    0.8575
    0.6775   -2.6916    0.5548
    0.9842   -2.4731    0.9030
    0.9842   -2.4731    0.9030
    0.4662   -2.3103    1.1865
    0.2212   -2.5801    0.8575
    0.6775   -2.6916    0.5548
    0.2212   -2.5801    0.8575
    0.1308   -2.7908    0.3500
    0.2212   -2.5801    0.8575
   -0.3203   -2.3927    1.1430
   -0.4093   -2.6693    0.7046
    3.7423   -0.4015   -0.8407
    4.3702   -0.5884   -0.7269
    3.5370   -0.7736   -0.8784
    5.1976   -0.5441   -0.5568
    4.7973   -0.8946   -0.6089
    4.3702   -0.5884   -0.7269
    4.1537   -1.3329   -0.6829
    4.7973   -0.8946   -0.6089
    4.9371   -1.2308   -0.4224
    5.9848   -0.5060   -0.3949
    5.6832   -0.8448   -0.3798
    5.1976   -0.5441   -0.5568
    4.9371   -1.2308   -0.4224
    4.9426   -1.3748   -0.0715
    4.2883   -1.6072   -0.2922
    4.9371   -1.2308   -0.4224
    4.2883   -1.6072   -0.2922
    4.1537   -1.3329   -0.6829
    2.1317   -1.7589   -0.9154
    1.8579   -1.5288   -1.0565
    2.6860   -1.4871   -0.9553
    3.4334   -1.2266   -0.8669
    3.3134   -1.6077   -0.7764
    2.6860   -1.4871   -0.9553
   -2.7061    1.7850   -0.7274
   -2.0558    1.7404   -0.8692
   -2.5736    1.4189   -0.9115
   -2.3996    1.0300   -0.9719
   -2.5736    1.4189   -0.9115
   -1.8680    1.3586   -1.0184
   -3.1782    1.1084   -0.8519
   -3.1710    1.4838   -0.7323
   -2.5736    1.4189   -0.9115
   -3.1710    1.4838   -0.7323
   -3.3485    1.7722   -0.4438
   -2.7061    1.7850   -0.7274
   -3.9670    1.5858   -0.2893
   -3.3485    1.7722   -0.4438
   -3.8457    1.3349   -0.6118
   -3.1710    1.4838   -0.7323
   -3.8457    1.3349   -0.6118
   -3.3485    1.7722   -0.4438
   -2.8520   -1.0174   -0.9501
   -3.7776   -0.9777   -0.8118
   -3.3316   -0.7468   -0.8931
   -2.7002   -1.3978   -0.9496
   -3.3699   -1.3063   -0.8289
   -2.8520   -1.0174   -0.9501
   -3.5689   -0.3842   -0.8318
   -4.2408   -0.6243   -0.7526
   -4.3064   -0.1941   -0.7545
   -3.7776   -0.9777   -0.8118
   -4.6250   -0.9255   -0.6156
   -4.2408   -0.6243   -0.7526
   -2.4739   -0.7654   -0.9962
   -3.3316   -0.7468   -0.8931
   -2.9023   -0.5026   -0.9328
   -5.0720   -0.3464   -0.6341
   -4.3064   -0.1941   -0.7545
   -4.2408   -0.6243   -0.7526
   -3.5999   -0.0176   -0.8381
   -3.5689   -0.3842   -0.8318
   -4.3064   -0.1941   -0.7545
   -5.0283   -0.6699   -0.5779
   -5.0720   -0.3464   -0.6341
   -4.2408   -0.6243   -0.7526
   -5.8590   -0.4607   -0.4525
   -5.8043   -0.0510   -0.5232
   -5.0720   -0.3464   -0.6341
   -5.5032   -0.8113   -0.4141
   -6.4247   -0.7015   -0.2696
   -5.8590   -0.4607   -0.4525
   -2.7061    1.7850   -0.7274
   -2.5736    1.4189   -0.9115
   -3.1710    1.4838   -0.7323
   -2.9797    0.7634   -0.9114
   -3.1782    1.1084   -0.8519
   -2.3996    1.0300   -0.9719
   -3.8044    0.8732   -0.7606
   -3.8457    1.3349   -0.6118
   -3.1782    1.1084   -0.8519
   -3.1710    1.4838   -0.7323
   -3.1782    1.1084   -0.8519
   -3.8457    1.3349   -0.6118
   -4.1436    0.2234   -0.8184
   -4.3064   -0.1941   -0.7545
   -4.9120    0.0023   -0.6689
    4.0011   -0.0547   -0.8138
    3.5267    0.2245   -0.8959
    4.4521    0.1836   -0.7280
    3.2391    0.6144   -0.9531
    4.0468    0.4642   -0.7899
    3.5267    0.2245   -0.8959
    2.7721    0.4737   -1.0003
    3.2391    0.6144   -0.9531
    3.5267    0.2245   -0.8959
    1.9503    0.4655   -1.0730
    2.7721    0.4737   -1.0003
    2.6425    0.1565   -0.9779
    4.0468    0.4642   -0.7899
    4.4521    0.1836   -0.7280
    3.5267    0.2245   -0.8959
    3.2121   -0.1005   -0.8950
    3.5267    0.2245   -0.8959
    4.0011   -0.0547   -0.8138
    2.6425    0.1565   -0.9779
    3.5267    0.2245   -0.8959
    3.2121   -0.1005   -0.8950
    2.3965   -0.1806   -0.9858
    3.2121   -0.1005   -0.8950
    2.9398   -0.3589   -0.9326
    3.2121   -0.1005   -0.8950
    2.3965   -0.1806   -0.9858
    2.6425    0.1565   -0.9779
    1.8641    0.0357   -1.0236
    2.6425    0.1565   -0.9779
    2.3965   -0.1806   -0.9858
   -1.4485    0.1904   -1.0332
   -2.3092    0.1740   -0.9784
   -1.7832    0.4603   -1.0362
   -0.2189    0.2883   -1.1243
   -0.8670    0.4706   -1.1369
    0.0702    0.5325   -1.1600
   -0.8670    0.4706   -1.1369
   -1.2801    0.7165   -1.1027
   -0.4160    0.7517   -1.1732
   -1.7832    0.4603   -1.0362
   -1.2801    0.7165   -1.1027
   -0.8670    0.4706   -1.1369
   -0.8670    0.4706   -1.1369
   -1.4485    0.1904   -1.0332
   -1.7832    0.4603   -1.0362
    0.0480    1.0225   -1.1723
    0.4047    0.7740   -1.1741
   -0.4160    0.7517   -1.1732
   -1.2801    0.7165   -1.1027
   -0.8080    1.0107   -1.1356
   -0.4160    0.7517   -1.1732
    0.0480    1.0225   -1.1723
   -0.3503    1.2903   -1.1180
    0.4500    1.2963   -1.1558
    0.4047    0.7740   -1.1741
    0.0480    1.0225   -1.1723
    0.9178    1.0186   -1.1934
   -0.8080    1.0107   -1.1356
   -1.1297    1.3338   -1.0819
   -0.3503    1.2903   -1.1180
   -2.9797    0.7634   -0.9114
   -2.6595    0.4646   -0.9532
   -3.5599    0.5052   -0.8525
   -3.1782    1.1084   -0.8519
   -2.9797    0.7634   -0.9114
   -3.8044    0.8732   -0.7606
   -2.5736    1.4189   -0.9115
   -2.3996    1.0300   -0.9719
   -3.1782    1.1084   -0.8519
   -2.6595    0.4646   -0.9532
   -2.9797    0.7634   -0.9114
   -2.1243    0.7323   -1.0091
   -2.3996    1.0300   -0.9719
   -2.1243    0.7323   -1.0091
   -2.9797    0.7634   -0.9114
   -1.1131   -0.0837   -1.0412
   -1.3400   -0.3579   -1.0522
   -1.8980   -0.1049   -0.9964
   -1.8980   -0.1049   -0.9964
   -2.1624   -0.4177   -0.9643
   -2.7787   -0.1184   -0.9286
   -1.8980   -0.1049   -0.9964
   -1.4485    0.1904   -1.0332
   -1.1131   -0.0837   -1.0412
   -2.3092    0.1740   -0.9784
   -1.4485    0.1904   -1.0332
   -1.8980   -0.1049   -0.9964
   -3.3699   -1.3063   -0.8289
   -4.1387   -1.2364   -0.6405
   -3.7776   -0.9777   -0.8118
   -5.5032   -0.8113   -0.4141
   -4.6250   -0.9255   -0.6156
   -4.9383   -1.1810   -0.4214
   -5.8590   -0.4607   -0.4525
   -5.0283   -0.6699   -0.5779
   -5.5032   -0.8113   -0.4141
   -6.6686    0.3601    0.4086
   -6.2671    0.7349    0.2612
   -6.7615    0.4731   -0.1158
   -6.6206   -0.1375    0.4531
   -7.2233    0.0238    0.0731
   -6.9465   -0.4851    0.1504
   -7.2233    0.0238    0.0731
   -6.6873    0.1236   -0.3610
   -6.7181   -0.2703   -0.3183
   -6.6686    0.3601    0.4086
   -6.7615    0.4731   -0.1158
   -7.2233    0.0238    0.0731
   -6.3314   -0.8649    0.1819
   -5.4535   -1.1668    0.2378
   -5.5541   -0.8803    0.5134
   -6.6206   -0.1375    0.4531
   -6.6686    0.3601    0.4086
   -7.2233    0.0238    0.0731
   -5.5541   -0.8803    0.5134
   -6.1219   -0.5271    0.4714
   -6.3314   -0.8649    0.1819
   -5.9043    0.1817    0.6235
   -6.6686    0.3601    0.4086
   -6.6206   -0.1375    0.4531
   -6.3314   -0.8649    0.1819
   -6.1219   -0.5271    0.4714
   -6.9465   -0.4851    0.1504
   -6.9465   -0.4851    0.1504
   -6.4247   -0.7015   -0.2696
   -6.3314   -0.8649    0.1819
   -6.6873    0.1236   -0.3610
   -7.2233    0.0238    0.0731
   -6.7615    0.4731   -0.1158
   -5.7301    0.6068    0.5696
   -6.2671    0.7349    0.2612
   -6.6686    0.3601    0.4086
   -5.9043    0.1817    0.6235
   -6.6206   -0.1375    0.4531
   -5.7575   -0.2436    0.6554
    2.8498   -0.6761   -0.9873
    1.9918   -0.9106   -1.0938
    2.1971   -0.5423   -1.0513
    0.1191    0.0144   -1.0808
   -0.2189    0.2883   -1.1243
    0.5722    0.2823   -1.1253
    0.9949   -0.0412   -1.0803
    1.3398    0.2725   -1.0814
    1.8641    0.0357   -1.0236
    1.8641    0.0357   -1.0236
    1.6164   -0.3136   -1.0398
    0.9949   -0.0412   -1.0803
    0.5722    0.2823   -1.1253
    1.3398    0.2725   -1.0814
    0.9949   -0.0412   -1.0803
    0.9949   -0.0412   -1.0803
    0.1191    0.0144   -1.0808
    0.5722    0.2823   -1.1253
    1.4289   -0.7261   -1.0710
    1.9918   -0.9106   -1.0938
    1.0879   -0.9979   -1.1401
    1.0879   -0.9979   -1.1401
    0.5700   -0.7765   -1.1104
    1.4289   -0.7261   -1.0710
    1.0879   -0.9979   -1.1401
    0.2273   -1.0417   -1.1805
    0.5700   -0.7765   -1.1104
   -0.2731   -0.8252   -1.1114
    0.5700   -0.7765   -1.1104
    0.2273   -1.0417   -1.1805
    1.4289   -0.7261   -1.0710
    0.5700   -0.7765   -1.1104
    0.8821   -0.4782   -1.0789
   -2.8520   -1.0174   -0.9501
   -1.9831   -0.9653   -1.0726
   -2.1582   -1.2996   -1.0556
   -2.1582   -1.2996   -1.0556
   -2.7002   -1.3978   -0.9496
   -2.8520   -1.0174   -0.9501
   -2.1582   -1.2996   -1.0556
   -2.2618   -1.7087   -0.9593
   -2.7002   -1.3978   -0.9496
   -2.1582   -1.2996   -1.0556
   -1.5908   -1.6037   -1.0607
   -2.2618   -1.7087   -0.9593
   -0.8847   -1.4782   -1.1486
   -0.3788   -1.7577   -1.1199
   -1.0841   -1.8729   -1.0606
   -1.0841   -1.8729   -1.0606
   -1.5908   -1.6037   -1.0607
   -0.8847   -1.4782   -1.1486
   -0.9781   -2.1131    1.2122
   -1.6747   -1.8992    1.1918
   -1.4039   -2.2285    1.0590
   -1.4039   -2.2285    1.0590
   -0.9119   -2.4756    0.9153
   -0.9781   -2.1131    1.2122
   -1.5954   -2.4240    0.7306
   -0.9119   -2.4756    0.9153
   -1.4039   -2.2285    1.0590
   -1.4039   -2.2285    1.0590
   -2.0431   -2.1349    0.9336
   -1.5954   -2.4240    0.7306
   -1.4264   -1.2826    1.3938
   -1.6830   -0.9102    1.3799
   -2.2273   -1.1241    1.2929
   -3.7199   -0.4178    1.0697
   -4.3446   -0.6362    0.9461
   -3.4087   -0.6836    1.1249
   -4.3446   -0.6362    0.9461
   -4.7453   -0.8622    0.7856
   -3.8645   -0.9125    1.0068
   -3.4087   -0.6836    1.1249
   -3.8645   -0.9125    1.0068
   -3.0400   -1.0121    1.1556
    3.0547   -1.9783   -0.5131
    2.3558   -2.2379   -0.4949
    2.6381   -1.9148   -0.7411
    2.3558   -2.2379   -0.4949
    1.6669   -2.4247   -0.4308
    1.8971   -2.1113   -0.7365
   -0.1794   -2.7943    0.0102
   -0.1289   -2.6273   -0.4105
    0.4054   -2.7367   -0.1482
    1.0282   -2.5717   -0.3145
    1.5026   -2.6286   -0.0057
    0.8472   -2.7269    0.1432
    2.1323   -2.4213   -0.1270
    1.5026   -2.6286   -0.0057
    1.6669   -2.4247   -0.4308
    0.8472   -2.7269    0.1432
    0.4054   -2.7367   -0.1482
    1.0282   -2.5717   -0.3145
    0.4054   -2.7367   -0.1482
    0.5174   -2.5214   -0.5536
    1.0282   -2.5717   -0.3145
    3.2256   -2.0905    0.0889
    2.7987   -2.2024   -0.2103
    3.5461   -1.9478   -0.2618
    3.0547   -1.9783   -0.5131
    3.5461   -1.9478   -0.2618
    2.7987   -2.2024   -0.2103
    3.0547   -1.9783   -0.5131
    3.7375   -1.6821   -0.5430
    3.5461   -1.9478   -0.2618
    3.5461   -1.9478   -0.2618
    4.2883   -1.6072   -0.2922
    3.9079   -1.8368    0.0127
    4.5651   -1.5509    0.1157
    4.2883   -1.6072   -0.2922
    4.9426   -1.3748   -0.0715
    4.5651   -1.5509    0.1157
    3.9079   -1.8368    0.0127
    4.2883   -1.6072   -0.2922
    0.8064   -1.9320   -1.0147
    1.1123   -1.5521   -1.1050
    1.4822   -1.8861   -0.9762
    0.8064   -1.9320   -1.0147
    0.3775   -1.6504   -1.1362
    1.1123   -1.5521   -1.1050
    0.3775   -1.6504   -1.1362
    0.6797   -1.3019   -1.1783
    1.1123   -1.5521   -1.1050
    2.2168   -1.2329   -1.0748
    1.8579   -1.5288   -1.0565
    1.4895   -1.2215   -1.1332
    4.7973   -0.8946   -0.6089
    4.1537   -1.3329   -0.6829
    4.0621   -0.9409   -0.7538
    3.7375   -1.6821   -0.5430
    4.1537   -1.3329   -0.6829
    4.2883   -1.6072   -0.2922
    5.6832   -0.8448   -0.3798
    4.9371   -1.2308   -0.4224
    4.7973   -0.8946   -0.6089
    3.4334   -1.2266   -0.8669
    4.0621   -0.9409   -0.7538
    4.1537   -1.3329   -0.6829
    3.4334   -1.2266   -0.8669
    4.1537   -1.3329   -0.6829
    3.3134   -1.6077   -0.7764
    3.7375   -1.6821   -0.5430
    3.3134   -1.6077   -0.7764
    4.1537   -1.3329   -0.6829
   -2.9023   -0.5026   -0.9328
   -2.1624   -0.4177   -0.9643
   -2.4739   -0.7654   -0.9962
   -3.5689   -0.3842   -0.8318
   -2.9023   -0.5026   -0.9328
   -3.3316   -0.7468   -0.8931
   -2.8520   -1.0174   -0.9501
   -3.3316   -0.7468   -0.8931
   -2.4739   -0.7654   -0.9962
   -2.4739   -0.7654   -0.9962
   -1.9831   -0.9653   -1.0726
   -2.8520   -1.0174   -0.9501
   -3.5999   -0.0176   -0.8381
   -4.3064   -0.1941   -0.7545
   -4.1436    0.2234   -0.8184
   -3.3316   -0.7468   -0.8931
   -4.2408   -0.6243   -0.7526
   -3.5689   -0.3842   -0.8318
   -4.1436    0.2234   -0.8184
   -4.4143    0.5513   -0.7220
   -3.5599    0.5052   -0.8525
   -3.1861    0.2198   -0.8911
   -3.5599    0.5052   -0.8525
   -2.6595    0.4646   -0.9532
   -3.5599    0.5052   -0.8525
   -3.8044    0.8732   -0.7606
   -2.9797    0.7634   -0.9114
   -3.5599    0.5052   -0.8525
   -3.1861    0.2198   -0.8911
   -4.1436    0.2234   -0.8184
   -3.5999   -0.0176   -0.8381
   -4.1436    0.2234   -0.8184
   -3.1861    0.2198   -0.8911
   -4.4143    0.5513   -0.7220
   -4.1436    0.2234   -0.8184
   -5.1065    0.2878   -0.6387
   -5.0720   -0.3464   -0.6341
   -4.9120    0.0023   -0.6689
   -4.3064   -0.1941   -0.7545
   -3.8044    0.8732   -0.7606
   -3.5599    0.5052   -0.8525
   -4.4143    0.5513   -0.7220
   -5.2277    0.6595   -0.4899
   -5.1065    0.2878   -0.6387
   -5.9774    0.3469   -0.4350
   -3.8457    1.3349   -0.6118
   -3.8044    0.8732   -0.7606
   -4.5194    0.9555   -0.5566
   -4.4143    0.5513   -0.7220
   -4.5194    0.9555   -0.5566
   -3.8044    0.8732   -0.7606
   -1.6009    1.0044   -1.0683
   -1.2801    0.7165   -1.1027
   -2.1243    0.7323   -1.0091
   -1.8680    1.3586   -1.0184
   -1.1297    1.3338   -1.0819
   -1.6009    1.0044   -1.0683
   -2.1243    0.7323   -1.0091
   -2.3996    1.0300   -0.9719
   -1.6009    1.0044   -1.0683
   -2.3996    1.0300   -0.9719
   -1.8680    1.3586   -1.0184
   -1.6009    1.0044   -1.0683
    0.0480    1.0225   -1.1723
   -0.4160    0.7517   -1.1732
   -0.8080    1.0107   -1.1356
   -1.2801    0.7165   -1.1027
   -1.6009    1.0044   -1.0683
   -0.8080    1.0107   -1.1356
   -0.8080    1.0107   -1.1356
   -1.6009    1.0044   -1.0683
   -1.1297    1.3338   -1.0819
   -0.3503    1.2903   -1.1180
    0.0480    1.0225   -1.1723
   -0.8080    1.0107   -1.1356
   -0.6768    1.6460   -1.0467
   -0.3503    1.2903   -1.1180
   -1.1297    1.3338   -1.0819
   -0.6768    1.6460   -1.0467
   -1.1297    1.3338   -1.0819
   -1.3661    1.6831   -0.9756
   -1.3661    1.6831   -0.9756
   -1.5686    2.0344   -0.7621
   -0.9241    2.0173   -0.8501
   -0.9241    2.0173   -0.8501
   -0.6768    1.6460   -1.0467
   -1.3661    1.6831   -0.9756
   -1.8680    1.3586   -1.0184
   -2.0558    1.7404   -0.8692
   -1.3661    1.6831   -0.9756
   -1.5686    2.0344   -0.7621
   -1.3661    1.6831   -0.9756
   -2.0558    1.7404   -0.8692
   -1.3661    1.6831   -0.9756
   -1.1297    1.3338   -1.0819
   -1.8680    1.3586   -1.0184
   -2.6595    0.4646   -0.9532
   -2.3092    0.1740   -0.9784
   -3.1861    0.2198   -0.8911
   -2.3092    0.1740   -0.9784
   -1.8980   -0.1049   -0.9964
   -2.7787   -0.1184   -0.9286
   -2.9023   -0.5026   -0.9328
   -2.7787   -0.1184   -0.9286
   -2.1624   -0.4177   -0.9643
   -3.5999   -0.0176   -0.8381
   -2.7787   -0.1184   -0.9286
   -3.5689   -0.3842   -0.8318
   -2.9023   -0.5026   -0.9328
   -3.5689   -0.3842   -0.8318
   -2.7787   -0.1184   -0.9286
   -3.1861    0.2198   -0.8911
   -2.7787   -0.1184   -0.9286
   -3.5999   -0.0176   -0.8381
   -7.2233    0.0238    0.0731
   -6.7181   -0.2703   -0.3183
   -6.9465   -0.4851    0.1504
   -6.4247   -0.7015   -0.2696
   -5.5032   -0.8113   -0.4141
   -5.7009   -1.0359   -0.1342
    4.0621   -0.9409   -0.7538
    3.5370   -0.7736   -0.8784
    4.3702   -0.5884   -0.7269
    2.8256   -1.0391   -0.9968
    3.5370   -0.7736   -0.8784
    3.4334   -1.2266   -0.8669
    1.4289   -0.7261   -1.0710
    2.1971   -0.5423   -1.0513
    1.9918   -0.9106   -1.0938
    2.1971   -0.5423   -1.0513
    1.6164   -0.3136   -1.0398
    2.3965   -0.1806   -0.9858
    2.1971   -0.5423   -1.0513
    1.4289   -0.7261   -1.0710
    1.6164   -0.3136   -1.0398
    0.8821   -0.4782   -1.0789
    1.6164   -0.3136   -1.0398
    1.4289   -0.7261   -1.0710
   -0.2189    0.2883   -1.1243
    0.1191    0.0144   -1.0808
   -0.6614    0.1026   -1.0790
   -1.4485    0.1904   -1.0332
   -0.8670    0.4706   -1.1369
   -0.6614    0.1026   -1.0790
   -0.2189    0.2883   -1.1243
   -0.6614    0.1026   -1.0790
   -0.8670    0.4706   -1.1369
   -1.1131   -0.0837   -1.0412
   -1.4485    0.1904   -1.0332
   -0.6614    0.1026   -1.0790
   -0.7986   -0.5979   -1.0772
   -0.2731   -0.8252   -1.1114
   -1.1295   -0.8846   -1.1167
    0.5700   -0.7765   -1.1104
   -0.2731   -0.8252   -1.1114
    0.0489   -0.5280   -1.0873
    0.1191    0.0144   -1.0808
    0.9949   -0.0412   -1.0803
    0.3724   -0.2630   -1.0832
    0.3724   -0.2630   -1.0832
    0.9949   -0.0412   -1.0803
    0.8821   -0.4782   -1.0789
    1.6164   -0.3136   -1.0398
    0.8821   -0.4782   -1.0789
    0.9949   -0.0412   -1.0803
   -1.5908   -1.6037   -1.0607
   -2.1582   -1.2996   -1.0556
   -1.4120   -1.2068   -1.0873
   -1.4120   -1.2068   -1.0873
   -0.8847   -1.4782   -1.1486
   -1.5908   -1.6037   -1.0607
   -1.4120   -1.2068   -1.0873
   -1.9831   -0.9653   -1.0726
   -1.1295   -0.8846   -1.1167
   -1.4120   -1.2068   -1.0873
   -2.1582   -1.2996   -1.0556
   -1.9831   -0.9653   -1.0726
   -1.4264   -1.2826    1.3938
   -2.2273   -1.1241    1.2929
   -1.9379   -1.5198    1.2978
   -1.6747   -1.8992    1.1918
   -1.2115   -1.7111    1.3505
   -1.9379   -1.5198    1.2978
   -1.4264   -1.2826    1.3938
   -1.9379   -1.5198    1.2978
   -1.2115   -1.7111    1.3505
   -1.9681   -0.5734    1.3277
   -2.5371   -0.7544    1.2749
   -1.6830   -0.9102    1.3799
   -2.1737   -0.2339    1.2643
   -2.8914   -0.4182    1.2023
   -1.9681   -0.5734    1.3277
   -2.2273   -1.1241    1.2929
   -1.6830   -0.9102    1.3799
   -2.5371   -0.7544    1.2749
   -3.8645   -0.9125    1.0068
   -4.1913   -1.1747    0.8141
   -3.4513   -1.2186    1.0215
   -3.4199   -2.0598    0.1879
   -3.4253   -1.8651    0.6148
   -3.9807   -1.8047    0.2823
   -3.7136   -1.5257    0.7997
   -3.4253   -1.8651    0.6148
   -3.0734   -1.6606    0.9689
    1.4822   -1.8861   -0.9762
    2.1317   -1.7589   -0.9154
    1.8971   -2.1113   -0.7365
    3.3134   -1.6077   -0.7764
    2.6381   -1.9148   -0.7411
    2.6860   -1.4871   -0.9553
    2.2168   -1.2329   -1.0748
    2.6860   -1.4871   -0.9553
    1.8579   -1.5288   -1.0565
    2.1317   -1.7589   -0.9154
    2.6860   -1.4871   -0.9553
    2.6381   -1.9148   -0.7411
   -0.0827   -2.3675   -0.7549
    0.5174   -2.5214   -0.5536
   -0.1289   -2.6273   -0.4105
   -0.5908   -2.1266   -0.9149
   -0.0827   -2.3675   -0.7549
   -0.7253   -2.4674   -0.6101
   -0.0827   -2.3675   -0.7549
   -0.5908   -2.1266   -0.9149
    0.0958   -2.0050   -1.0050
   -0.1289   -2.6273   -0.4105
   -0.7253   -2.4674   -0.6101
   -0.0827   -2.3675   -0.7549
    1.1506   -2.2717   -0.7245
    1.0282   -2.5717   -0.3145
    0.5174   -2.5214   -0.5536
    1.1506   -2.2717   -0.7245
    1.8971   -2.1113   -0.7365
    1.6669   -2.4247   -0.4308
    1.6669   -2.4247   -0.4308
    1.0282   -2.5717   -0.3145
    1.1506   -2.2717   -0.7245
   -0.8847   -1.4782   -1.1486
   -1.4120   -1.2068   -1.0873
   -0.6090   -1.1232   -1.1713
   -0.6090   -1.1232   -1.1713
   -1.4120   -1.2068   -1.0873
   -1.1295   -0.8846   -1.1167
   -0.6090   -1.1232   -1.1713
   -0.2731   -0.8252   -1.1114
    0.2273   -1.0417   -1.1805
   -1.1295   -0.8846   -1.1167
   -0.2731   -0.8252   -1.1114
   -0.6090   -1.1232   -1.1713
   -0.3788   -1.7577   -1.1199
   -0.8847   -1.4782   -1.1486
   -0.1142   -1.3983   -1.1837
   -0.1142   -1.3983   -1.1837
    0.3775   -1.6504   -1.1362
   -0.3788   -1.7577   -1.1199
   -0.1142   -1.3983   -1.1837
    0.6797   -1.3019   -1.1783
    0.3775   -1.6504   -1.1362
   -0.8847   -1.4782   -1.1486
   -0.6090   -1.1232   -1.1713
   -0.1142   -1.3983   -1.1837
    0.2273   -1.0417   -1.1805
    0.6797   -1.3019   -1.1783
   -0.1142   -1.3983   -1.1837
   -0.1142   -1.3983   -1.1837
   -0.6090   -1.1232   -1.1713
    0.2273   -1.0417   -1.1805
    1.4895   -1.2215   -1.1332
    1.9918   -0.9106   -1.0938
    2.2168   -1.2329   -1.0748
    1.1123   -1.5521   -1.1050
    1.4895   -1.2215   -1.1332
    1.8579   -1.5288   -1.0565
    1.4895   -1.2215   -1.1332
    1.1123   -1.5521   -1.1050
    0.6797   -1.3019   -1.1783
    1.4895   -1.2215   -1.1332
    1.0879   -0.9979   -1.1401
    1.9918   -0.9106   -1.0938
    0.2273   -1.0417   -1.1805
    1.0879   -0.9979   -1.1401
    0.6797   -1.3019   -1.1783
    1.4895   -1.2215   -1.1332
    0.6797   -1.3019   -1.1783
    1.0879   -0.9979   -1.1401
   -1.6531   -0.6799   -1.0681
   -2.4739   -0.7654   -0.9962
   -2.1624   -0.4177   -0.9643
   -1.6531   -0.6799   -1.0681
   -0.7986   -0.5979   -1.0772
   -1.1295   -0.8846   -1.1167
   -1.1295   -0.8846   -1.1167
   -1.9831   -0.9653   -1.0726
   -1.6531   -0.6799   -1.0681
   -1.9831   -0.9653   -1.0726
   -2.4739   -0.7654   -0.9962
   -1.6531   -0.6799   -1.0681
   -4.9383   -1.1810   -0.4214
   -4.9830   -1.3668   -0.0673
   -5.7009   -1.0359   -0.1342
   -4.1387   -1.2364   -0.6405
   -4.9383   -1.1810   -0.4214
   -4.6250   -0.9255   -0.6156
   -5.4535   -1.1668    0.2378
   -4.9830   -1.3668   -0.0673
   -4.6848   -1.4892    0.2914
   -3.7690   -1.8765   -0.2303
   -4.3435   -1.5336   -0.3719
   -3.6491   -1.6535   -0.6233
   -4.6848   -1.4892    0.2914
   -4.1801   -1.5621    0.5973
   -4.8844   -1.2257    0.5694
   -6.3314   -0.8649    0.1819
   -5.7009   -1.0359   -0.1342
   -5.4535   -1.1668    0.2378
   -4.9830   -1.3668   -0.0673
   -4.9383   -1.1810   -0.4214
   -4.3435   -1.5336   -0.3719
   -3.7690   -1.8765   -0.2303
   -4.3676   -1.6438   -0.0103
   -4.3435   -1.5336   -0.3719
    4.0621   -0.9409   -0.7538
    3.4334   -1.2266   -0.8669
    3.5370   -0.7736   -0.8784
    2.8498   -0.6761   -0.9873
    3.5370   -0.7736   -0.8784
    2.8256   -1.0391   -0.9968
    2.8256   -1.0391   -0.9968
    2.6860   -1.4871   -0.9553
    2.2168   -1.2329   -1.0748
    3.4334   -1.2266   -0.8669
    2.6860   -1.4871   -0.9553
    2.8256   -1.0391   -0.9968
    2.2168   -1.2329   -1.0748
    1.9918   -0.9106   -1.0938
    2.8256   -1.0391   -0.9968
    1.9918   -0.9106   -1.0938
    2.8498   -0.6761   -0.9873
    2.8256   -1.0391   -0.9968
    3.5370   -0.7736   -0.8784
    2.8498   -0.6761   -0.9873
    3.7423   -0.4015   -0.8407
    2.8498   -0.6761   -0.9873
    2.1971   -0.5423   -1.0513
    2.9398   -0.3589   -0.9326
    2.3965   -0.1806   -0.9858
    2.9398   -0.3589   -0.9326
    2.1971   -0.5423   -1.0513
    2.9398   -0.3589   -0.9326
    3.2121   -0.1005   -0.8950
    3.7423   -0.4015   -0.8407
    4.0011   -0.0547   -0.8138
    3.7423   -0.4015   -0.8407
    3.2121   -0.1005   -0.8950
    2.9398   -0.3589   -0.9326
    3.7423   -0.4015   -0.8407
    2.8498   -0.6761   -0.9873
   -0.7986   -0.5979   -1.0772
    0.0489   -0.5280   -1.0873
   -0.2731   -0.8252   -1.1114
    0.3724   -0.2630   -1.0832
    0.8821   -0.4782   -1.0789
    0.0489   -0.5280   -1.0873
    0.5700   -0.7765   -1.1104
    0.0489   -0.5280   -1.0873
    0.8821   -0.4782   -1.0789
   -3.0734   -1.6606    0.9689
   -2.7219   -2.0451    0.8252
   -2.3919   -1.7591    1.1184
   -2.7219   -2.0451    0.8252
   -3.0734   -1.6606    0.9689
   -3.4253   -1.8651    0.6148
   -2.2273   -1.1241    1.2929
   -2.5371   -0.7544    1.2749
   -3.0400   -1.0121    1.1556
    1.8971   -2.1113   -0.7365
    1.1506   -2.2717   -0.7245
    1.4822   -1.8861   -0.9762
    2.6381   -1.9148   -0.7411
    1.8971   -2.1113   -0.7365
    2.1317   -1.7589   -0.9154
    1.8579   -1.5288   -1.0565
    1.4822   -1.8861   -0.9762
    1.1123   -1.5521   -1.1050
    1.8579   -1.5288   -1.0565
    2.1317   -1.7589   -0.9154
    1.4822   -1.8861   -0.9762
    0.5174   -2.5214   -0.5536
   -0.0827   -2.3675   -0.7549
    0.5255   -2.2541   -0.8371
    0.5255   -2.2541   -0.8371
    1.1506   -2.2717   -0.7245
    0.5174   -2.5214   -0.5536
    0.0958   -2.0050   -1.0050
    0.8064   -1.9320   -1.0147
    0.5255   -2.2541   -0.8371
    0.5255   -2.2541   -0.8371
   -0.0827   -2.3675   -0.7549
    0.0958   -2.0050   -1.0050
    0.5255   -2.2541   -0.8371
    0.8064   -1.9320   -1.0147
    1.1506   -2.2717   -0.7245
    1.4822   -1.8861   -0.9762
    1.1506   -2.2717   -0.7245
    0.8064   -1.9320   -1.0147
   -4.9383   -1.1810   -0.4214
   -5.7009   -1.0359   -0.1342
   -5.5032   -0.8113   -0.4141
   -4.9830   -1.3668   -0.0673
   -5.4535   -1.1668    0.2378
   -5.7009   -1.0359   -0.1342
   -5.8590   -0.4607   -0.4525
   -6.7181   -0.2703   -0.3183
   -5.8043   -0.0510   -0.5232
   -4.1387   -1.2364   -0.6405
   -4.3435   -1.5336   -0.3719
   -4.9383   -1.1810   -0.4214
   -5.7009   -1.0359   -0.1342
   -6.3314   -0.8649    0.1819
   -6.4247   -0.7015   -0.2696
   -6.6206   -0.1375    0.4531
   -6.9465   -0.4851    0.1504
   -6.1219   -0.5271    0.4714
    0.3724   -0.2630   -1.0832
    0.0489   -0.5280   -1.0873
   -0.4447   -0.2983   -1.0635
   -1.1131   -0.0837   -1.0412
   -0.6614    0.1026   -1.0790
   -0.4447   -0.2983   -1.0635
   -0.4447   -0.2983   -1.0635
   -0.6614    0.1026   -1.0790
    0.1191    0.0144   -1.0808
    0.1191    0.0144   -1.0808
    0.3724   -0.2630   -1.0832
   -0.4447   -0.2983   -1.0635
    0.0489   -0.5280   -1.0873
   -0.7986   -0.5979   -1.0772
   -0.4447   -0.2983   -1.0635
   -1.3400   -0.3579   -1.0522
   -1.6531   -0.6799   -1.0681
   -2.1624   -0.4177   -0.9643
   -0.7986   -0.5979   -1.0772
   -1.6531   -0.6799   -1.0681
   -1.3400   -0.3579   -1.0522
   -1.3400   -0.3579   -1.0522
   -0.4447   -0.2983   -1.0635
   -0.7986   -0.5979   -1.0772
   -2.1624   -0.4177   -0.9643
   -1.8980   -0.1049   -0.9964
   -1.3400   -0.3579   -1.0522
   -1.1131   -0.0837   -1.0412
   -0.4447   -0.2983   -1.0635
   -1.3400   -0.3579   -1.0522
   -1.4039   -2.2285    1.0590
   -1.6747   -1.8992    1.1918
   -2.0431   -2.1349    0.9336
   -2.0431   -2.1349    0.9336
   -2.3919   -1.7591    1.1184
   -2.7219   -2.0451    0.8252
   -2.3919   -1.7591    1.1184
   -2.0431   -2.1349    0.9336
   -1.6747   -1.8992    1.1918
   -1.9379   -1.5198    1.2978
   -2.3919   -1.7591    1.1184
   -1.6747   -1.8992    1.1918
   -2.6936   -1.3673    1.1652
   -1.9379   -1.5198    1.2978
   -2.2273   -1.1241    1.2929
   -2.2273   -1.1241    1.2929
   -3.0400   -1.0121    1.1556
   -2.6936   -1.3673    1.1652
   -2.6936   -1.3673    1.1652
   -2.3919   -1.7591    1.1184
   -1.9379   -1.5198    1.2978
   -3.0734   -1.6606    0.9689
   -2.3919   -1.7591    1.1184
   -2.6936   -1.3673    1.1652
   -4.1801   -1.5621    0.5973
   -3.7136   -1.5257    0.7997
   -4.1913   -1.1747    0.8141
   -3.0400   -1.0121    1.1556
   -3.4513   -1.2186    1.0215
   -2.6936   -1.3673    1.1652
   -3.4513   -1.2186    1.0215
   -3.0400   -1.0121    1.1556
   -3.8645   -0.9125    1.0068
   -3.7136   -1.5257    0.7997
   -3.0734   -1.6606    0.9689
   -3.4513   -1.2186    1.0215
   -3.7136   -1.5257    0.7997
   -3.4513   -1.2186    1.0215
   -4.1913   -1.1747    0.8141
   -3.0734   -1.6606    0.9689
   -2.6936   -1.3673    1.1652
   -3.4513   -1.2186    1.0215
   -3.7199   -0.4178    1.0697
   -3.4087   -0.6836    1.1249
   -2.8914   -0.4182    1.2023
   -2.5371   -0.7544    1.2749
   -2.8914   -0.4182    1.2023
   -3.4087   -0.6836    1.1249
   -3.0400   -1.0121    1.1556
   -2.5371   -0.7544    1.2749
   -3.4087   -0.6836    1.1249
   -4.3650   -0.1847    0.9512
   -4.3446   -0.6362    0.9461
   -3.7199   -0.4178    1.0697
   -3.7199   -0.4178    1.0697
   -2.8914   -0.4182    1.2023
   -3.6147   -0.0835    1.0812
   -3.6147   -0.0835    1.0812
   -4.3650   -0.1847    0.9512
   -3.7199   -0.4178    1.0697
   -3.8645   -0.9125    1.0068
   -3.4087   -0.6836    1.1249
   -4.3446   -0.6362    0.9461
    2.7527    1.2686    1.1581
    2.2739    1.0718    1.2478
    3.0809    0.9567    1.1423
    1.9965    0.4934    1.2752
    2.5395    0.7101    1.2316
    1.7413    0.8095    1.2978
    2.2739    1.0718    1.2478
    1.7413    0.8095    1.2978
    2.5395    0.7101    1.2316
    2.5395    0.7101    1.2316
    1.9965    0.4934    1.2752
    2.7949    0.3551    1.2093
    2.5395    0.7101    1.2316
    2.7949    0.3551    1.2093
    3.3404    0.5474    1.1311
    3.6203    0.1911    1.0842
    3.3404    0.5474    1.1311
    2.7949    0.3551    1.2093

